-0.038668 0.640313 -0.001476 -0.000027 0.001285 0.000131 -0.036038 0.664858
-0.066925 0.665343 -0.001810 -0.000232 0.001713 0.000195 -0.061940 0.661152
-0.084519 0.614499 -0.001900 -0.000548 0.001938 0.000177 -0.074460 0.581783
-0.082818 0.496083 -0.001729 -0.000888 0.001947 0.000070 -0.065885 0.439453
-0.057568 0.329615 -0.001333 -0.001154 0.001759 -0.000103 -0.033549 0.257100
-0.010450 0.141606 -0.000798 -0.001260 0.001413 -0.000300 0.019026 0.063061
0.050955 -0.039914 -0.000236 -0.001155 0.000960 -0.000464 0.082668 -0.114642
0.114860 -0.190875 0.000238 -0.000833 0.000445 -0.000538 0.144698 -0.253636
0.168234 -0.295452 0.000524 -0.000330 -0.000096 -0.000483 0.192157 -0.340993
0.200281 -0.348281 0.000566 0.000282 -0.000634 -0.000286 0.215308 -0.374762
0.205502 -0.354231 0.000351 0.000910 -0.001147 0.000037 0.210463 -0.363023
0.185489 -0.325964 -0.000083 0.001460 -0.001610 0.000444 0.181347 -0.320856
0.148891 -0.280011 -0.000658 0.001850 -0.001995 0.000877 0.138560 -0.266079
0.109461 -0.232406 -0.001275 0.002029 -0.002268 0.001279 0.097162 -0.214826
0.082596 -0.194971 -0.001828 0.001979 -0.002393 0.001601 0.072920 -0.178046
0.081193 -0.173103 -0.002224 0.001718 -0.002346 0.001813 0.078098 -0.159663
0.111874 -0.165484 -0.002398 0.001300 -0.002119 0.001906 0.117839 -0.156735
0.172547 -0.165627 -0.002322 0.000801 -0.001731 0.001884 0.188085 -0.161375
0.252025 -0.164686 -0.002006 0.000309 -0.001224 0.001759 0.275628 -0.163820
0.331884 -0.154692 -0.001502 -0.000090 -0.000661 0.001542 0.360401 -0.155737
0.390235 -0.131269 -0.000887 -0.000323 -0.000114 0.001237 0.419567 -0.132875
0.406587 -0.095125 -0.000257 -0.000351 0.000352 0.000848 0.432532 -0.096376
0.366702 -0.051930 0.000294 -0.000166 0.000691 0.000379 0.385773 -0.052446
0.266327 -0.010692 0.000685 0.000196 0.000885 -0.000153 0.276369 -0.010545
0.112890 0.018901 0.000868 0.000667 0.000940 -0.000715 0.113404 0.019379
-0.075249 0.029379 0.000836 0.001157 0.000889 -0.001253 -0.083114 0.029818
-0.271900 0.017838 0.000622 0.001567 0.000773 -0.001697 -0.285665 0.018003
-0.447865 -0.012937 0.000299 0.001815 0.000634 -0.001975 -0.464254 -0.013058
-0.576461 -0.054880 -0.000039 0.001849 0.000503 -0.002030 -0.592050 -0.055092
-0.638608 -0.096500 -0.000298 0.001660 0.000394 -0.001836 -0.650467 -0.096503
-0.626421 -0.125727 -0.000401 0.001284 0.000310 -0.001407 -0.632632 -0.125258
-0.544590 -0.133012 -0.000311 0.000793 0.000242 -0.000805 -0.544568 -0.131993
-0.409316 -0.113900 -0.000040 0.000280 0.000179 -0.000123 -0.403867 -0.112545
0.003041 0.695277 -0.001887 0.000020 0.001673 0.000023 0.005950 0.690513
-0.023689 0.670265 -0.002031 -0.000174 0.001875 0.000076 -0.018243 0.634912
-0.037527 0.565746 -0.001896 -0.000455 0.001831 0.000044 -0.026953 0.503362
-0.030010 0.397271 -0.001495 -0.000722 0.001557 -0.000072 -0.012992 0.315797
0.001911 0.191020 -0.000898 -0.000877 0.001099 -0.000243 0.024806 0.101316
0.054635 -0.021551 -0.000215 -0.000844 0.000522 -0.000423 0.080847 -0.107669
0.118463 -0.209904 0.000424 -0.000589 -0.000106 -0.000551 0.143859 -0.281713
0.179825 -0.350113 0.000896 -0.000124 -0.000727 -0.000576 0.199565 -0.399698
0.224673 -0.428895 0.001113 0.000495 -0.001303 -0.000461 0.234298 -0.452208
0.242190 -0.445200 0.001032 0.001183 -0.001813 -0.000197 0.238657 -0.442318
0.227862 -0.409191 0.000662 0.001841 -0.002245 0.000196 0.210287 -0.383801
0.185123 -0.339001 0.000058 0.002375 -0.002592 0.000673 0.155041 -0.297304
0.125069 -0.256118 -0.000687 0.002711 -0.002844 0.001176 0.086168 -0.205442
0.064236 -0.180509 -0.001468 0.002803 -0.002983 0.001650 0.021641 -0.127950
0.020885 -0.126564 -0.002178 0.002640 -0.002988 0.002047 -0.019841 -0.077904
0.010612 -0.100688 -0.002724 0.002245 -0.002842 0.002341 -0.023291 -0.059769
0.042286 -0.100952 -0.003042 0.001667 -0.002540 0.002521 0.018686 -0.069526
0.115292 -0.118703 -0.003097 0.000983 -0.002096 0.002591 0.103470 -0.096695
0.218758 -0.141609 -0.002889 0.000280 -0.001548 0.002559 0.218085 -0.127652
0.333058 -0.157317 -0.002455 -0.000347 -0.000953 0.002428 0.341108 -0.149378
0.433361 -0.156793 -0.001858 -0.000811 -0.000375 0.002196 0.446525 -0.152749
0.494546 -0.136580 -0.001182 -0.001046 0.000123 0.001854 0.508816 -0.134635
0.496478 -0.099470 -0.000523 -0.001018 0.000494 0.001395 0.508230 -0.098370
0.428548 -0.053506 0.000028 -0.000736 0.000718 0.000827 0.435182 -0.052566
0.292475 -0.009640 0.000400 -0.000248 0.000801 0.000175 0.292813 -0.008636
0.102726 0.021326 0.000558 0.000359 0.000772 -0.000507 0.097121 0.022342
-0.115608 0.031718 0.000506 0.000975 0.000675 -0.001144 -0.125461 0.032608
-0.331137 0.019143 0.000295 0.001491 0.000555 -0.001652 -0.342623 0.019830
-0.511862 -0.012742 0.000007 0.001816 0.000448 -0.001952 -0.522031 -0.012195
-0.631116 -0.055037 -0.000258 0.001900 0.000376 -0.001994 -0.637321 -0.054430
-0.672561 -0.095791 -0.000406 0.001743 0.000342 -0.001764 -0.673025 -0.094860
-0.633216 -0.123048 -0.000376 0.001392 0.000335 -0.001298 -0.627436 -0.121587
-0.523888 -0.127994 -0.000152 0.000931 0.000338 -0.000673 -0.512778 -0.125989
0.041424 0.668675 -0.002056 0.000223 0.001849 -0.000024 0.041148 0.633317
0.014796 0.590257 -0.001966 0.000027 0.001772 0.000028 0.017036 0.525903
0.002807 0.436664 -0.001582 -0.000230 0.001432 -0.000009 0.009999 0.350461
0.013194 0.230880 -0.000951 -0.000441 0.000876 -0.000127 0.026150 0.133920
0.047298 0.004915 -0.000175 -0.000511 0.000183 -0.000291 0.064702 -0.089691
0.099282 -0.206532 0.000613 -0.000378 -0.000558 -0.000451 0.117749 -0.285920
0.157271 -0.372720 0.001275 -0.000027 -0.001268 -0.000550 0.171961 -0.426401
0.206142 -0.472414 0.001696 0.000510 -0.001886 -0.000540 0.211780 -0.493855
0.231297 -0.497268 0.001805 0.001161 -0.002381 -0.000392 0.223346 -0.484653
0.222486 -0.452488 0.001585 0.001835 -0.002749 -0.000101 0.198178 -0.408581
0.176768 -0.354819 0.001073 0.002436 -0.003000 0.000308 0.135763 -0.286056
0.099873 -0.228458 0.000345 0.002884 -0.003151 0.000790 0.044400 -0.143520
0.005613 -0.099860 -0.000499 0.003124 -0.003215 0.001294 -0.059917 -0.008079
-0.086587 0.007455 -0.001358 0.003125 -0.003193 0.001768 -0.156386 0.097543
-0.155552 0.077060 -0.002136 0.002887 -0.003075 0.002177 -0.223484 0.158773
-0.182842 0.102024 -0.002760 0.002429 -0.002849 0.002501 -0.243441 0.171082
-0.156927 0.085239 -0.003177 0.001793 -0.002507 0.002738 -0.206215 0.139802
-0.076185 0.037757 -0.003358 0.001036 -0.002054 0.002894 -0.112150 0.078071
0.049934 -0.024346 -0.003298 0.000230 -0.001517 0.002975 0.027257 0.003452
0.201898 -0.083868 -0.003012 -0.000540 -0.000941 0.002980 0.190698 -0.066040
0.353141 -0.126288 -0.002539 -0.001184 -0.000382 0.002892 0.350371 -0.115674
0.474687 -0.142714 -0.001938 -0.001620 0.000101 0.002688 0.476744 -0.136804
0.540521 -0.131409 -0.001288 -0.001785 0.000462 0.002343 0.543937 -0.128214
0.532721 -0.097643 -0.000674 -0.001650 0.000676 0.001845 0.534753 -0.095789
0.445322 -0.051972 -0.000180 -0.001234 0.000745 0.001203 0.444361 -0.050665
0.286102 -0.007370 0.000135 -0.000600 0.000694 0.000460 0.281855 -0.006264
0.075819 0.024104 0.000245 0.000147 0.000568 -0.000314 0.069239 0.025085
-0.155092 0.034339 0.000168 0.000881 0.000418 -0.001025 -0.162101 0.035173
-0.371818 0.021175 -0.000033 0.001482 0.000289 -0.001578 -0.376885 0.021893
-0.541506 -0.011095 -0.000266 0.001859 0.000212 -0.001893 -0.542373 -0.010335
-0.639405 -0.052881 -0.000433 0.001966 0.000198 -0.001925 -0.634505 -0.051789
-0.653529 -0.091836 -0.000451 0.001817 0.000238 -0.001674 -0.642446 -0.090078
-0.586861 -0.116176 -0.000279 0.001474 0.000311 -0.001190 -0.570546 -0.113511
0.063316 0.562860 -0.001934 0.000507 0.001791 0.000011 0.056884 0.500607
0.034927 0.435247 -0.001596 0.000283 0.001418 0.000065 0.031137 0.349156
0.022935 0.245241 -0.000973 0.000025 0.000792 0.000026 0.024073 0.145844
0.033804 0.022609 -0.000149 -0.000158 0.000000 -0.000090 0.040194 -0.076500
0.066720 -0.196506 0.000747 -0.000180 -0.000850 -0.000246 0.076367 -0.281006
0.113384 -0.376658 0.001566 0.000003 -0.001651 -0.000392 0.122242 -0.433935
0.159827 -0.489777 0.002172 0.000385 -0.002320 -0.000476 0.162614 -0.510963
0.189746 -0.520105 0.002469 0.000911 -0.002805 -0.000457 0.181104 -0.501329
0.188548 -0.466494 0.002420 0.001497 -0.003095 -0.000315 0.164250 -0.409166
0.147128 -0.341820 0.002047 0.002053 -0.003211 -0.000053 0.105034 -0.251967
0.064513 -0.169852 0.001421 0.002501 -0.003197 0.000302 0.005071 -0.056745
-0.051198 0.019603 0.000638 0.002786 -0.003098 0.000708 -0.125008 0.145180
-0.183788 0.196209 -0.000199 0.002884 -0.002953 0.001120 -0.267005 0.323682
-0.311574 0.334223 -0.001003 0.002793 -0.002778 0.001504 -0.398154 0.454613
-0.411229 0.416361 -0.001710 0.002527 -0.002574 0.001838 -0.495060 0.523153
-0.462077 0.435895 -0.002284 0.002103 -0.002324 0.002121 -0.537900 0.525336
-0.450091 0.396793 -0.002704 0.001541 -0.002010 0.002363 -0.514161 0.467701
-0.370901 0.312088 -0.002962 0.000867 -0.001621 0.002580 -0.421309 0.365326
-0.231276 0.200873 -0.003051 0.000117 -0.001163 0.002779 -0.267929 0.238675
-0.048769 0.084528 -0.002968 -0.000657 -0.000665 0.002953 -0.073095 0.109831
0.150523 -0.017184 -0.002717 -0.001380 -0.000172 0.003075 0.136044 -0.001293
0.335827 -0.089488 -0.002319 -0.001965 0.000264 0.003100 0.328203 -0.080166
0.476658 -0.124891 -0.001815 -0.002323 0.000592 0.002979 0.472916 -0.119776
0.548114 -0.124016 -0.001268 -0.002387 0.000778 0.002674 0.545757 -0.121328
0.535567 -0.094828 -0.000756 -0.002128 0.000816 0.002167 0.532912 -0.093372
0.437831 -0.050415 -0.000355 -0.001572 0.000721 0.001479 0.434207 -0.049503
0.268065 -0.005749 -0.000118 -0.000800 0.000537 0.000669 0.263837 -0.005072
0.052032 0.025874 -0.000063 0.000067 0.000317 -0.000172 0.048440 0.026413
-0.176159 0.035932 -0.000158 0.000889 0.000118 -0.000937 -0.177341 0.036389
-0.380153 0.022580 -0.000333 0.001536 -0.000017 -0.001520 -0.377092 0.023107
-0.528136 -0.009141 -0.000493 0.001920 -0.000060 -0.001842 -0.519479 -0.008230
-0.598932 -0.048876 -0.000545 0.002009 -0.000012 -0.001862 -0.584283 -0.047136
-0.586049 -0.083943 -0.000427 0.001834 0.000107 -0.001592 -0.566262 -0.080931
0.059078 0.394065 -0.001534 0.000772 0.001516 0.000124 0.044998 0.312944
0.027759 0.228816 -0.000966 0.000489 0.000862 0.000176 0.016949 0.132150
0.015161 0.021752 -0.000149 0.000202 0.000001 0.000135 0.009745 -0.077190
0.025933 -0.192115 0.000798 0.000017 -0.000945 0.000018 0.025749 -0.278327
0.056687 -0.375061 0.001723 0.000010 -0.001842 -0.000134 0.059125 -0.434429
0.096537 -0.494049 0.002472 0.000201 -0.002575 -0.000275 0.097049 -0.515786
0.129637 -0.526926 0.002921 0.000554 -0.003067 -0.000361 0.122770 -0.505310
0.139030 -0.466172 0.003009 0.000993 -0.003289 -0.000362 0.119702 -0.401262
0.110811 -0.319649 0.002745 0.001425 -0.003260 -0.000269 0.075497 -0.216899
0.037619 -0.108450 0.002202 0.001766 -0.003040 -0.000095 -0.014840 0.022591
-0.079280 0.137397 0.001492 0.001964 -0.002709 0.000130 -0.147428 0.284958
-0.229681 0.384325 0.000735 0.002008 -0.002345 0.000371 -0.309772 0.536403
-0.395844 0.600617 0.000033 0.001916 -0.002012 0.000597 -0.482604 0.746680
-0.555231 0.760876 -0.000557 0.001728 -0.001739 0.000792 -0.642852 0.893006
-0.684034 0.849021 -0.001018 0.001479 -0.001527 0.000959 -0.767137 0.962378
-0.760886 0.859615 -0.001372 0.001184 -0.001348 0.001119 -0.835257 0.952289
-0.770245 0.797621 -0.001652 0.000839 -0.001162 0.001304 -0.833233 0.870058
-0.705042 0.676854 -0.001887 0.000420 -0.000931 0.001541 -0.755603 0.731083
-0.568268 0.517469 -0.002081 -0.000093 -0.000634 0.001844 -0.606746 0.556350
-0.373289 0.342838 -0.002218 -0.000699 -0.000276 0.002204 -0.401038 0.369460
-0.142723 0.176154 -0.002260 -0.001362 0.000115 0.002578 -0.161696 0.193449
0.094149 0.037143 -0.002176 -0.002005 0.000488 0.002904 0.081773 0.047687
0.305293 -0.060694 -0.001952 -0.002523 0.000787 0.003104 0.297400 -0.054760
0.460744 -0.111885 -0.001610 -0.002808 0.000964 0.003107 0.455516 -0.108868
0.537653 -0.119451 -0.001205 -0.002779 0.000992 0.002863 0.533751 -0.118099
0.524650 -0.093826 -0.000814 -0.002406 0.000871 0.002362 0.521355 -0.093303
0.424560 -0.050337 -0.000513 -0.001725 0.000632 0.001640 0.421859 -0.050172
0.254684 -0.005664 -0.000355 -0.000836 0.000329 0.000776 0.253250 -0.005646
0.044271 0.025967 -0.000347 0.000116 0.000027 -0.000118 0.045305 0.025939
-0.170562 0.035980 -0.000451 0.000976 -0.000212 -0.000920 -0.165658 0.036052
-0.353611 0.023200 -0.000587 0.001615 -0.000341 -0.001516 -0.343663 0.023680
-0.475642 -0.006334 -0.000663 0.001952 -0.000342 -0.001825 -0.460170 -0.004947
-0.520167 -0.041486 -0.000600 0.001977 -0.000226 -0.001816 -0.499741 -0.038608
0.025416 0.188949 -0.000924 0.000918 0.001072 0.000285 0.004300 0.099829
-0.008319 0.003417 -0.000177 0.000549 0.000183 0.000329 -0.024785 -0.090707
-0.019985 -0.197258 0.000759 0.000212 -0.000835 0.000279 -0.029907 -0.281421
-0.007335 -0.375209 0.001736 0.000012 -0.001827 0.000159 -0.011423 -0.434410
0.023261 -0.494389 0.002583 0.000005 -0.002646 0.000007 0.021782 -0.516369
0.058252 -0.527792 0.003147 0.000181 -0.003178 -0.000135 0.054437 -0.505272
0.080257 -0.462546 0.003332 0.000474 -0.003366 -0.000236 0.068697 -0.394440
0.072358 -0.301864 0.003121 0.000780 -0.003214 -0.000280 0.048561 -0.193246
0.022191 -0.063723 0.002583 0.000995 -0.002784 -0.000274 -0.016307 0.075385
-0.075135 0.223106 0.001850 0.001046 -0.002180 -0.000240 -0.128185 0.379772
-0.215834 0.524491 0.001085 0.000918 -0.001524 -0.000209 -0.280766 0.685238
-0.388029 0.806533 0.000433 0.000648 -0.000928 -0.000209 -0.460313 0.959488
-0.573721 1.040210 -0.000010 0.000318 -0.000474 -0.000253 -0.648000 1.176624
-0.751550 1.204437 -0.000223 0.000016 -0.000199 -0.000332 -0.822732 1.319348
-0.899728 1.287422 -0.000255 -0.000190 -0.000094 -0.000415 -0.963862 1.379480
-0.998705 1.286628 -0.000202 -0.000279 -0.000110 -0.000451 -1.053448 1.357291
-1.033383 1.207827 -0.000171 -0.000289 -0.000173 -0.000387 -1.078024 1.260241
-0.994868 1.063691 -0.000248 -0.000297 -0.000209 -0.000175 -1.029987 1.101604
-0.881806 0.872194 -0.000463 -0.000397 -0.000159 0.000205 -0.908749 0.899127
-0.701273 0.654826 -0.000789 -0.000662 0.000001 0.000742 -0.721632 0.673635
-0.468992 0.434528 -0.001152 -0.001111 0.000263 0.001383 -0.484232 0.447315
-0.208548 0.233254 -0.001456 -0.001699 0.000579 0.002046 -0.219841 0.241521
0.050731 0.069295 -0.001621 -0.002317 0.000883 0.002626 0.042491 0.074171
0.277327 -0.045288 -0.001608 -0.002821 0.001104 0.003018 0.271440 -0.042857
0.442253 -0.106521 -0.001430 -0.003071 0.001185 0.003138 0.438136 -0.105702
0.524181 -0.119089 -0.001152 -0.002970 0.001099 0.002940 0.521395 -0.119184
0.513910 -0.095226 -0.000863 -0.002495 0.000853 0.002429 0.512266 -0.095727
0.416987 -0.051948 -0.000648 -0.001706 0.000492 0.001664 0.416672 -0.052562
0.253547 -0.007151 -0.000558 -0.000731 0.000087 0.000749 0.255182 -0.007733
0.055049 0.024529 -0.000591 0.000262 -0.000283 -0.000184 0.059592 0.024102
-0.141645 0.034978 -0.000696 0.001105 -0.000546 -0.000998 -0.133186 0.034953
-0.301668 0.024101 -0.000790 0.001673 -0.000658 -0.001574 -0.288631 0.024932
-0.399294 -0.000928 -0.000784 0.001909 -0.000607 -0.001836 -0.381762 0.001379
-0.033389 -0.020867 -0.000220 0.000872 0.000519 0.000450 -0.058732 -0.106247
-0.066795 -0.206069 0.000634 0.000402 -0.000534 0.000474 -0.085277 -0.284854
-0.073541 -0.376143 0.001600 0.000013 -0.001612 0.000410 -0.083659 -0.432970
-0.054455 -0.493425 0.002507 -0.000194 -0.002536 0.000285 -0.057628 -0.514875
-0.019363 -0.527263 0.003170 -0.000187 -0.003153 0.000136 -0.019530 -0.504613
0.015449 -0.460496 0.003447 -0.000009 -0.003366 -0.000005 0.012942 -0.391551
0.031481 -0.292767 0.003272 0.000232 -0.003148 -0.000122 0.021390 -0.182338
0.012695 -0.040029 0.002686 0.000400 -0.002549 -0.000218 -0.008656 0.101040
-0.050662 0.269337 0.001821 0.000379 -0.001680 -0.000317 -0.084382 0.426337
-0.160042 0.600546 0.000880 0.000107 -0.000695 -0.000452 -0.204389 0.757725
-0.308654 0.918878 0.000078 -0.000395 0.000246 -0.000656 -0.359534 1.062254
-0.483273 1.195016 -0.000409 -0.001028 0.001000 -0.000946 -0.535323 1.314561
-0.666981 1.408206 -0.000494 -0.001644 0.001472 -0.001314 -0.714910 1.498970
-0.841929 1.546990 -0.000198 -0.002088 0.001625 -0.001724 -0.881729 1.609053
-0.991413 1.608010 0.000359 -0.002250 0.001489 -0.002110 -1.021112 1.645419
-1.101009 1.593857 0.000990 -0.002101 0.001145 -0.002394 -1.120805 1.612953
-1.158975 1.510999 0.001497 -0.001702 0.000706 -0.002495 -1.170796 1.518627
-1.156465 1.368525 0.001726 -0.001192 0.000295 -0.002349 -1.163136 1.370562
-1.088094 1.177891 0.001603 -0.000746 0.000015 -0.001927 -1.092422 1.178386
-0.953135 0.953263 0.001156 -0.000525 -0.000073 -0.001242 -0.957186 0.954259
-0.757163 0.711774 0.000494 -0.000624 0.000044 -0.000354 -0.761915 0.713683
-0.513517 0.472935 -0.000223 -0.001045 0.000324 0.000635 -0.518934 0.475218
-0.243700 0.256831 -0.000838 -0.001689 0.000688 0.001600 -0.249112 0.258691
0.024029 0.081240 -0.001237 -0.002386 0.001033 0.002406 0.019427 0.082126
0.258190 -0.041621 -0.001381 -0.002939 0.001264 0.002938 0.254932 -0.041817
0.429332 -0.107727 -0.001304 -0.003178 0.001311 0.003114 0.427515 -0.108736
0.515957 -0.122275 -0.001100 -0.003007 0.001148 0.002907 0.515336 -0.123666
0.509579 -0.098563 -0.000880 -0.002429 0.000798 0.002348 0.509858 -0.099958
0.417434 -0.054798 -0.000736 -0.001542 0.000328 0.001525 0.418578 -0.055979
0.261812 -0.009623 -0.000710 -0.000513 -0.000169 0.000566 0.264229 -0.010487
0.075842 0.022420 -0.000786 0.000467 -0.000593 -0.000378 0.080328 0.021999
-0.103425 0.034159 -0.000897 0.001230 -0.000865 -0.001160 -0.095976 0.034472
-0.242998 0.026832 -0.000954 0.001670 -0.000944 -0.001665 -0.232016 0.028381
-0.106199 -0.205047 0.000446 0.000601 -0.000080 0.000560 -0.131253 -0.276115
-0.134344 -0.369036 0.001323 0.000034 -0.001214 0.000555 -0.149604 -0.422124
-0.130080 -0.486901 0.002234 -0.000386 -0.002251 0.000476 -0.134702 -0.507636
-0.098126 -0.524609 0.002983 -0.000564 -0.002998 0.000354 -0.094506 -0.502679
-0.052352 -0.460751 0.003382 -0.000494 -0.003311 0.000222 -0.045365 -0.392459
-0.011928 -0.291686 0.003300 -0.000262 -0.003118 0.000100 -0.007442 -0.181181
0.003940 -0.032422 0.002708 -0.000020 -0.002437 -0.000015 0.000844 0.108740
-0.018955 0.286945 0.001700 0.000059 -0.001366 -0.000149 -0.032379 0.441854
-0.086471 0.628139 0.000480 -0.000165 -0.000072 -0.000345 -0.109773 0.777730
-0.195324 0.952973 -0.000681 -0.000745 0.001246 -0.000649 -0.224935 1.079634
-0.334828 1.230710 -0.001513 -0.001624 0.002391 -0.001093 -0.365022 1.321454
-0.490324 1.442639 -0.001807 -0.002642 0.003198 -0.001685 -0.514789 1.491167
-0.646982 1.582963 -0.001483 -0.003577 0.003566 -0.002391 -0.660515 1.590182
-0.792645 1.656219 -0.000601 -0.004202 0.003470 -0.003145 -0.792495 1.629248
-0.918875 1.672522 0.000643 -0.004355 0.002965 -0.003850 -0.905362 1.622524
-1.020113 1.642452 0.001968 -0.003982 0.002171 -0.004396 -0.996385 1.581918
-1.091641 1.573345 0.003078 -0.003166 0.001250 -0.004679 -1.062693 1.513519
-1.127534 1.468105 0.003738 -0.002100 0.000376 -0.004622 -1.098816 1.417114
-1.119799 1.326675 0.003823 -0.001043 -0.000300 -0.004190 -1.095841 1.288694
-1.059444 1.149332 0.003348 -0.000251 -0.000673 -0.003399 -1.042884 1.124800
-0.939442 0.940333 0.002451 0.000094 -0.000707 -0.002318 -0.930700 0.926955
-0.758704 0.710321 0.001351 -0.000071 -0.000435 -0.001060 -0.756316 0.704456
-0.525626 0.476402 0.000284 -0.000672 0.000047 0.000233 -0.527058 0.474379
-0.259687 0.259613 -0.000558 -0.001525 0.000605 0.001409 -0.262312 0.258657
0.009970 0.080482 -0.001070 -0.002381 0.001095 0.002327 0.008055 0.079086
0.249098 -0.045923 -0.001249 -0.002998 0.001395 0.002881 0.248662 -0.048118
0.425186 -0.113830 -0.001181 -0.003202 0.001431 0.003013 0.425933 -0.116471
0.514838 -0.128186 -0.000997 -0.002927 0.001193 0.002727 0.515863 -0.130705
0.509624 -0.103138 -0.000827 -0.002226 0.000731 0.002085 0.510035 -0.105113
0.418630 -0.057995 -0.000759 -0.001253 0.000148 0.001204 0.418076 -0.059273
0.266797 -0.011928 -0.000813 -0.000211 -0.000433 0.000234 0.265708 -0.012525
0.089320 0.020985 -0.000945 0.000696 -0.000894 -0.000666 0.088779 0.021080
-0.076471 0.034833 -0.001071 0.001316 -0.001154 -0.001351 -0.075146 0.035822
-0.177569 -0.340208 0.000945 0.000120 -0.000673 0.000567 -0.197052 -0.389245
-0.193930 -0.464691 0.001770 -0.000519 -0.001804 0.000527 -0.200236 -0.485724
-0.171359 -0.514116 0.002558 -0.000927 -0.002708 0.000439 -0.164652 -0.495040
-0.119433 -0.461489 0.003098 -0.001018 -0.003191 0.000339 -0.103446 -0.396363
-0.056823 -0.298211 0.003198 -0.000813 -0.003130 0.000253 -0.037684 -0.189452
-0.005881 -0.037366 0.002740 -0.000441 -0.002490 0.000185 0.009788 0.103780
0.013790 0.288434 0.001728 -0.000105 -0.001337 0.000111 0.020953 0.443370
-0.009236 0.634205 0.000304 -0.000025 0.000175 -0.000022 -0.012396 0.780189
-0.075482 0.952914 -0.001265 -0.000368 0.001832 -0.000278 -0.086860 1.067308
-0.175294 1.206150 -0.002645 -0.001188 0.003393 -0.000717 -0.189319 1.270743
-0.292669 1.372219 -0.003508 -0.002400 0.004633 -0.001372 -0.301790 1.376654
-0.410755 1.449502 -0.003619 -0.003788 0.005377 -0.002235 -0.407529 1.393029
-0.517085 1.454294 -0.002894 -0.005056 0.005527 -0.003251 -0.496270 1.345498
-0.606721 1.413974 -0.001429 -0.005903 0.005076 -0.004319 -0.566773 1.268627
-0.682234 1.357684 0.000511 -0.006103 0.004111 -0.005312 -0.625789 1.195309
-0.750581 1.307384 0.002559 -0.005573 0.002791 -0.006091 -0.683820 1.147372
-0.818084 1.271901 0.004325 -0.004397 0.001326 -0.006537 -0.749172 1.130105
-0.885404 1.245622 0.005489 -0.002817 -0.000060 -0.006565 -0.822494 1.132113
-0.944524 1.211978 0.005870 -0.001167 -0.001164 -0.006141 -0.893883 1.130328
-0.979098 1.150400 0.005461 0.000205 -0.001842 -0.005291 -0.943863 1.098429
-0.968396 1.044396 0.004418 0.001027 -0.002026 -0.004090 -0.948268 1.015983
-0.893840 0.888153 0.003012 0.001165 -0.001741 -0.002661 -0.885699 0.875489
-0.746098 0.689596 0.001548 0.000656 -0.001094 -0.001153 -0.745296 0.685268
-0.530418 0.469062 0.000297 -0.000313 -0.000252 0.000277 -0.532291 0.467483
-0.268230 0.254094 -0.000572 -0.001454 0.000592 0.001479 -0.269379 0.252082
0.005834 0.072107 -0.001014 -0.002458 0.001257 0.002336 0.006851 0.068672
0.250984 -0.056766 -0.001098 -0.003074 0.001612 0.002770 0.253683 -0.061154
0.429592 -0.124489 -0.000970 -0.003163 0.001600 0.002762 0.432204 -0.128782
0.516203 -0.136244 -0.000791 -0.002726 0.001244 0.002350 0.516652 -0.139537
0.503711 -0.107758 -0.000692 -0.001888 0.000644 0.001627 0.500560 -0.109653
0.404933 -0.059888 -0.000731 -0.000856 -0.000059 0.000727 0.397976 -0.060486
0.249135 -0.012322 -0.000890 0.000140 -0.000709 -0.000189 0.239497 -0.011969
0.074537 0.021614 -0.001090 0.000907 -0.001180 -0.000968 0.064275 0.022637
-0.231507 -0.413851 0.001183 -0.000511 -0.001227 0.000437 -0.240544 -0.437018
-0.228954 -0.485369 0.001900 -0.001183 -0.002278 0.000363 -0.221335 -0.472717
-0.180738 -0.457214 0.002530 -0.001525 -0.002975 0.000282 -0.158025 -0.399899
-0.102388 -0.312384 0.002855 -0.001460 -0.003140 0.000232 -0.070043 -0.209658
-0.018304 -0.057972 0.002681 -0.001036 -0.002677 0.000235 0.015932 0.081119
0.045463 0.273844 0.001897 -0.000426 -0.001598 0.000275 0.073919 0.430832
0.069011 0.631396 0.000530 0.000115 -0.000019 0.000300 0.086488 0.780977
0.044483 0.954696 -0.001243 0.000316 0.001856 0.000231 0.049990 1.069080
-0.021862 1.189452 -0.003107 -0.000025 0.003770 -0.000024 -0.024569 1.243589
-0.112133 1.300247 -0.004677 -0.000976 0.005456 -0.000538 -0.115392 1.276770
-0.203064 1.279257 -0.005581 -0.002434 0.006674 -0.001343 -0.197331 1.171998
-0.274041 1.148015 -0.005551 -0.004139 0.007250 -0.002417 -0.250523 0.963292
-0.314212 0.951601 -0.004499 -0.005728 0.007100 -0.003678 -0.267379 0.706982
-0.326274 0.746758 -0.002544 -0.006826 0.006240 -0.004992 -0.255533 0.467634
-0.325547 0.587148 0.000001 -0.007144 0.004786 -0.006202 -0.235605 0.301917
-0.334471 0.509746 0.002695 -0.006554 0.002932 -0.007148 -0.234303 0.244738
-0.374209 0.526031 0.005070 -0.005134 0.000930 -0.007702 -0.274928 0.301281
-0.456054 0.620265 0.006730 -0.003153 -0.000955 -0.007780 -0.368294 0.446972
-0.575526 0.755095 0.007441 -0.001006 -0.002477 -0.007362 -0.507063 0.635147
-0.711287 0.882692 0.007169 0.000878 -0.003451 -0.006488 -0.665526 0.810100
-0.829549 0.958145 0.006077 0.002141 -0.003782 -0.005247 -0.805229 0.921812
-0.892915 0.951326 0.004471 0.002579 -0.003479 -0.003768 -0.885037 0.938314
-0.871159 0.854064 0.002717 0.002182 -0.002651 -0.002196 -0.872776 0.852540
-0.750772 0.680941 0.001147 0.001129 -0.001493 -0.000683 -0.755077 0.682173
-0.540332 0.463940 -0.000009 -0.000266 -0.000243 0.000636 -0.542430 0.463067
-0.269980 0.242870 -0.000667 -0.001640 0.000862 0.001647 -0.267881 0.238543
0.015029 0.054600 -0.000878 -0.002671 0.001628 0.002274 0.020397 0.047860
0.264982 -0.075808 -0.000795 -0.003150 0.001942 0.002485 0.270632 -0.082916
0.437641 -0.139776 -0.000609 -0.003021 0.001791 0.002295 0.439901 -0.145390
0.508165 -0.144816 -0.000483 -0.002376 0.001257 0.001769 0.504092 -0.147949
0.474370 -0.109794 -0.000511 -0.001414 0.000492 0.001018 0.462767 -0.110462
0.356054 -0.057757 -0.000700 -0.000382 -0.000317 0.000180 0.337838 -0.056676
0.188852 -0.008774 -0.000979 0.000494 -0.000999 -0.000595 0.166716 -0.006866
-0.255546 -0.425810 0.001115 -0.001205 -0.001724 0.000164 -0.250782 -0.423364
-0.227450 -0.437070 0.001693 -0.001863 -0.002632 0.000063 -0.202807 -0.393659
-0.147334 -0.329770 0.002170 -0.002088 -0.003080 0.000010 -0.106124 -0.240386
-0.037802 -0.098993 0.002325 -0.001807 -0.002908 0.000050 0.012430 0.031661
0.069963 0.230692 0.001961 -0.001093 -0.002061 0.000193 0.119535 0.387076
0.145455 0.606753 0.000969 -0.000157 -0.000598 0.000405 0.185357 0.763746
0.168236 0.957972 -0.000619 0.000694 0.001314 0.000601 0.192867 1.084521
0.134478 1.209804 -0.002608 0.001138 0.003431 0.000669 0.143495 1.274334
0.058423 1.302235 -0.004662 0.000930 0.005471 0.000491 0.057140 1.278728
-0.031927 1.205530 -0.006365 -0.000019 0.007151 -0.000022 -0.033760 1.078912
-0.103757 0.929526 -0.007313 -0.001606 0.008239 -0.000902 -0.094500 0.699114
-0.130365 0.523595 -0.007212 -0.003540 0.008574 -0.002108 -0.099670 0.203768
-0.100632 0.066835 -0.005962 -0.005405 0.008094 -0.003529 -0.042373 -0.315269
-0.023914 -0.349374 -0.003690 -0.006764 0.006840 -0.005000 0.061943 -0.758635
0.071437 -0.642162 -0.000735 -0.007261 0.004949 -0.006334 0.178568 -1.041667
0.145812 -0.756084 0.002420 -0.006724 0.002643 -0.007355 0.262931 -1.113354
0.160235 -0.675355 0.005251 -0.005206 0.000193 -0.007933 0.273766 -0.967291
0.088927 -0.426374 0.007309 -0.002986 -0.002106 -0.008000 0.186213 -0.641969
-0.071278 -0.070107 0.008313 -0.000499 -0.003980 -0.007560 0.000886 -0.210532
-0.297693 0.313485 0.008205 0.001765 -0.005214 -0.006678 -0.253969 0.237146
-0.545932 0.644719 0.007145 0.003376 -0.005684 -0.005465 -0.528154 0.615328
-0.760559 0.862162 0.005459 0.004062 -0.005377 -0.004054 -0.761655 0.860903
-0.889348 0.934869 0.003550 0.003766 -0.004397 -0.002585 -0.899974 0.945112
-0.897185 0.866227 0.001798 0.002651 -0.002950 -0.001184 -0.908389 0.876090
-0.775700 0.689143 0.000474 0.001041 -0.001306 0.000043 -0.781199 0.692418
-0.545922 0.454611 -0.000304 -0.000662 0.000249 0.001011 -0.543396 0.450173
-0.253246 0.217292 -0.000577 -0.002077 0.001463 0.001665 -0.244378 0.207474
0.043844 0.022166 -0.000501 -0.002936 0.002164 0.001976 0.054457 0.010756
0.288118 -0.104381 -0.000287 -0.003128 0.002294 0.001946 0.294770 -0.113902
0.437092 -0.157288 -0.000127 -0.002707 0.001906 0.001614 0.434901 -0.162853
0.472143 -0.149547 -0.000145 -0.001859 0.001151 0.001054 0.458535 -0.150805
0.401080 -0.104755 -0.000365 -0.000837 0.000234 0.000374 0.376462 -0.102722
0.253950 -0.048283 -0.000723 0.000107 -0.000632 -0.000304 0.221461 -0.044631
-0.244096 -0.387061 0.000748 -0.001861 -0.002153 -0.000229 -0.224481 -0.362805
-0.185326 -0.337298 0.001185 -0.002463 -0.002881 -0.000348 -0.143140 -0.269669
-0.068960 -0.156251 0.001546 -0.002535 -0.003064 -0.000347 -0.009503 -0.044167
0.074333 0.148023 0.001617 -0.002006 -0.002574 -0.000178 0.141211 0.294747
0.205518 0.533084 0.001199 -0.000963 -0.001403 0.000161 0.267984 0.693205
0.288670 0.926147 0.000171 0.000347 0.000345 0.000608 0.336169 1.069097
0.302182 1.236998 -0.001445 0.001577 0.002462 0.001047 0.328499 1.327477
0.246177 1.377482 -0.003467 0.002356 0.004675 0.001327 0.251416 1.381763
0.143562 1.283162 -0.005561 0.002396 0.006693 0.001301 0.134425 1.175819
0.033975 0.931637 -0.007307 0.001576 0.008244 0.000863 0.022196 0.701186
-0.037930 0.352432 -0.008289 -0.000010 0.009115 -0.000016 -0.038618 0.004540
-0.036569 -0.374802 -0.008200 -0.002061 0.009178 -0.001278 -0.014128 -0.817374
0.052320 -1.134132 -0.006919 -0.004129 0.008398 -0.002778 0.104893 -1.634939
0.215136 -1.796458 -0.004563 -0.005726 0.006839 -0.004317 0.297748 -2.311467
0.411927 -2.246607 -0.001468 -0.006443 0.004653 -0.005680 0.517182 -2.731666
0.585945 -2.407920 0.001871 -0.006056 0.002063 -0.006679 0.700862 -2.825995
0.678847 -2.258359 0.004913 -0.004589 -0.000656 -0.007188 0.788020 -2.585031
0.647352 -1.834268 0.007181 -0.002308 -0.003209 -0.007166 0.736690 -2.060442
0.476579 -1.221042 0.008370 0.000335 -0.005314 -0.006654 0.536609 -1.352492
0.186122 -0.533242 0.008400 0.002810 -0.006737 -0.005754 0.213992 -0.587384
-0.173087 0.110738 0.007424 0.004635 -0.007331 -0.004609 -0.173399 0.109869
-0.530491 0.613182 0.005771 0.005485 -0.007057 -0.003362 -0.549723 0.640471
-0.813105 0.915020 0.003857 0.005259 -0.005999 -0.002140 -0.839516 0.949039
-0.963567 1.003474 0.002084 0.004093 -0.004354 -0.001038 -0.986164 1.029566
-0.954167 0.908507 0.000745 0.002313 -0.002405 -0.000114 -0.965462 0.919787
-0.793168 0.690054 -0.000027 0.000342 -0.000469 0.000599 -0.790759 0.686485
-0.521893 0.420179 -0.000265 -0.001400 0.001156 0.001086 -0.508523 0.406334
-0.203613 0.165151 -0.000134 -0.002596 0.002246 0.001342 -0.185831 0.147474
0.092514 -0.028125 0.000143 -0.003088 0.002690 0.001371 0.106609 -0.043749
0.308057 -0.138580 0.000351 -0.002895 0.002506 0.001188 0.311278 -0.148408
0.408121 -0.169859 0.000349 -0.002186 0.001827 0.000830 0.396177 -0.172809
0.387336 -0.143221 0.000099 -0.001211 0.000866 0.000357 0.359831 -0.140470
0.268037 -0.087449 -0.000337 -0.000236 -0.000135 -0.000148 0.228333 -0.081473
-0.200226 -0.316324 0.000141 -0.002387 -0.002506 -0.000699 -0.167293 -0.276483
-0.107890 -0.210824 0.000452 -0.002905 -0.003040 -0.000825 -0.050376 -0.127684
0.046765 0.032979 0.000757 -0.002815 -0.002973 -0.000748 0.121514 0.156955
0.224346 0.394563 0.000854 -0.002044 -0.002219 -0.000414 0.304163 0.545325
0.377069 0.814790 0.000541 -0.000688 -0.000814 0.000165 0.447955 0.966749
0.462521 1.202221 -0.000322 0.000986 0.001092 0.000903 0.512320 1.321071
0.456874 1.449308 -0.001745 0.002602 0.003262 0.001644 0.478641 1.497389
0.363453 1.455686 -0.003582 0.003752 0.005414 0.002198 0.357558 1.398944
0.213704 1.153376 -0.005534 0.004110 0.007264 0.002383 0.188013 0.968497
0.059670 0.527591 -0.007209 0.003520 0.008574 0.002078 0.027691 0.207676
-0.040337 -0.372678 -0.008202 0.002052 0.009173 0.001254 -0.062914 -0.815293
-0.039055 -1.437960 -0.008199 0.000001 0.008976 -0.000008 -0.038504 -1.972541
0.084384 -2.515817 -0.007065 -0.002173 0.007984 -0.001529 0.116121 -3.097732
0.315758 -3.439309 -0.004885 -0.003954 0.006278 -0.003072 0.378817 -4.017306
0.606626 -4.060170 -0.001965 -0.004891 0.004009 -0.004391 0.693058 -4.584941
0.885057 -4.279066 0.001229 -0.004719 0.001382 -0.005286 0.980808 -4.711267
1.073639 -4.065795 0.004175 -0.003421 -0.001357 -0.005643 1.162122 -4.381871
1.110003 -3.464696 0.006405 -0.001239 -0.003939 -0.005453 1.176293 -3.659386
0.964223 -2.584116 0.007611 0.001380 -0.006102 -0.004805 0.998732 -2.669308
0.648206 -1.572668 0.007707 0.003893 -0.007612 -0.003853 0.648872 -1.573130
0.214338 -0.588155 0.006832 0.005790 -0.008306 -0.002779 0.186776 -0.535305
-0.256419 0.233453 0.005302 0.006708 -0.008116 -0.001746 -0.300759 0.308197
-0.673842 0.801932 0.003527 0.006510 -0.007091 -0.000871 -0.720939 0.872765
-0.960051 1.084749 0.001899 0.005305 -0.005398 -0.000209 -0.997063 1.134986
-1.067715 1.105380 0.000709 0.003405 -0.003304 0.000239 -1.086179 1.128420
-0.990195 0.929826 0.000086 0.001242 -0.001133 0.000508 -0.987856 0.927783
-0.761255 0.645827 -0.000009 -0.000746 0.000790 0.000645 -0.742134 0.626568
-0.444866 0.340588 0.000251 -0.002208 0.002200 0.000688 -0.417665 0.314181
-0.118202 0.082504 0.000631 -0.002952 0.002938 0.000657 -0.093614 0.058043
0.147383 -0.089374 0.000905 -0.002968 0.002978 0.000553 0.159670 -0.105866
0.302435 -0.166855 0.000924 -0.002403 0.002425 0.000376 0.296204 -0.173185
0.328666 -0.166402 0.000645 -0.001500 0.001484 0.000134 0.302507 -0.163739
0.239678 -0.118263 0.000135 -0.000530 0.000408 -0.000145 0.196965 -0.109894
-0.135380 -0.235328 -0.000614 -0.002710 -0.002770 -0.001189 -0.092958 -0.187161
-0.009263 -0.084372 -0.000404 -0.003133 -0.003117 -0.001317 0.059031 0.005011
0.183355 0.207291 -0.000092 -0.002903 -0.002841 -0.001150 0.268305 0.332637
0.394268 0.608590 0.000139 -0.001943 -0.001900 -0.000631 0.481629 0.752903
0.566431 1.046450 0.000084 -0.000349 -0.000375 0.000218 0.640267 1.181529
0.649945 1.413859 -0.000420 0.001611 0.001549 0.001281 0.696651 1.503684
0.617379 1.588724 -0.001432 0.003546 0.003616 0.002361 0.629299 1.595332
0.473784 1.460317 -0.002867 0.005031 0.005551 0.003224 0.451423 1.351147
0.257985 0.957552 -0.004492 0.005710 0.007102 0.003655 0.210126 0.712711
0.034074 0.072080 -0.005968 0.005397 0.008082 0.003511 -0.024312 -0.310161
-0.125155 -1.130278 -0.006930 0.004131 0.008382 0.002765 -0.176705 -1.631173
-0.158566 -2.513839 -0.007073 0.002186 0.007972 0.001524 -0.188038 -3.095802
-0.035212 -3.893519 -0.006244 0.000011 0.006893 0.000002 -0.033496 -4.505586
0.234374 -5.067829 -0.004488 -0.001870 0.005240 -0.001520 0.267844 -5.653922
0.597728 -5.857430 -0.002052 -0.002987 0.003145 -0.002762 0.654839 -6.365743
0.971531 -6.140621 0.000661 -0.003042 0.000773 -0.003510 1.037669 -6.532131
1.261632 -5.877570 0.003189 -0.001981 -0.001691 -0.003660 1.319578 -6.131927
1.386862 -5.117685 0.005108 -0.000012 -0.004038 -0.003241 1.421354 -5.235313
1.300292 -3.988520 0.006137 0.002443 -0.006051 -0.002394 1.301992 -3.988661
1.002159 -2.668981 0.006194 0.004851 -0.007521 -0.001337 0.969981 -2.584347
0.540921 -1.353279 0.005406 0.006695 -0.008280 -0.000301 0.482117 -1.222673
0.002080 -0.213995 0.004066 0.007596 -0.008228 0.000522 -0.069864 -0.074644
-0.512242 0.627536 0.002550 0.007391 -0.007367 0.001018 -0.581279 0.746301
-0.907567 1.117558 0.001219 0.006163 -0.005811 0.001168 -0.959285 1.198089
-1.118840 1.270512 0.000332 0.004204 -0.003785 0.001036 -1.144037 1.307637
-1.124198 1.155459 -0.000007 0.001935 -0.001586 0.000735 -1.120931 1.154562
-0.947562 0.873014 0.000146 -0.000201 0.000458 0.000387 -0.921201 0.846273
-0.649935 0.529284 0.000604 -0.001839 0.002059 0.000089 -0.611339 0.491248
-0.312293 0.213193 0.001125 -0.002767 0.003018 -0.000109 -0.274706 0.176844
-0.014966 -0.018055 0.001478 -0.002953 0.003262 -0.000208 0.009459 -0.043930
0.181011 -0.143365 0.001518 -0.002522 0.002860 -0.000241 0.184126 -0.155155
0.246034 -0.172823 0.001209 -0.001705 0.001991 -0.000255 0.225342 -0.171545
0.185119 -0.136500 0.000627 -0.000769 0.000905 -0.000280 0.143867 -0.126244
-0.067007 -0.163890 -0.001408 -0.002787 -0.002922 -0.001645 -0.020462 -0.114333
0.090219 0.018634 -0.001276 -0.003122 -0.003110 -0.001776 0.163261 0.105870
0.318228 0.340978 -0.000912 -0.002801 -0.002684 -0.001520 0.407089 0.458847
0.560680 0.764687 -0.000468 -0.001745 -0.001646 -0.000813 0.649531 0.894748
0.751383 1.206899 -0.000147 -0.000038 -0.000119 0.000310 0.822836 1.320236
0.832256 1.549469 -0.000141 0.002065 0.001685 0.001703 0.871621 1.610429
0.770734 1.659592 -0.000567 0.004181 0.003503 0.003128 0.769819 1.631910
0.571455 1.418506 -0.001418 0.005887 0.005084 0.004306 0.530850 1.272731
0.278368 0.752137 -0.002551 0.006819 0.006226 0.004983 0.207515 0.472761
-0.034147 -0.343858 -0.003710 0.006765 0.006812 0.004995 -0.119206 -0.753281
-0.279430 -1.791652 -0.004587 0.005738 0.006807 0.004318 -0.360089 -2.306782
-0.381469 -3.435918 -0.004906 0.003976 0.006250 0.003079 -0.441331 -4.014009
-0.296469 -5.066193 -0.004501 0.001901 0.005224 0.001534 -0.325571 -5.652344
-0.026963 -6.453173 -0.003367 0.000020 0.003830 0.000012 -0.024305 -6.989296
0.375794 -7.391453 -0.001674 -0.001200 0.002171 -0.001170 0.402128 -7.826149
0.822332 -7.739359 0.000270 -0.001442 0.000345 -0.001776 0.857498 -8.036601
1.205995 -7.446800 0.002093 -0.000625 -0.001546 -0.001708 1.232526 -7.591611
1.429162 -6.564780 0.003452 0.001081 -0.003386 -0.001029 1.431784 -6.564745
1.427789 -5.234419 0.004116 0.003291 -0.005032 0.000062 1.397602 -5.116853
1.187774 -3.658180 0.004025 0.005500 -0.006324 0.001283 1.124667 -3.463741
0.748812 -2.060059 0.003296 0.007209 -0.007100 0.002343 0.661488 -1.834338
0.194776 -0.643836 0.002187 0.008037 -0.007232 0.003010 0.098432 -0.428850
-0.366732 0.441466 0.001023 0.007810 -0.006664 0.003166 -0.454406 0.614099
-0.830205 1.121977 0.000109 0.006588 -0.005439 0.002820 -0.893574 1.234932
-1.116660 1.402058 -0.000350 0.004638 -0.003708 0.002095 -1.146023 1.452783
-1.190516 1.351170 -0.000294 0.002360 -0.001717 0.001184 -1.184315 1.349328
-1.065002 1.079319 0.000188 0.000184 0.000235 0.000291 -1.029862 1.042192
-0.795357 0.708016 0.000895 -0.001530 0.001857 -0.000419 -0.744054 0.655212
-0.462336 0.343895 0.001577 -0.002563 0.002923 -0.000855 -0.410354 0.292673
-0.150899 0.060568 0.002012 -0.002865 0.003319 -0.001008 -0.112548 0.022718
0.070162 -0.108533 0.002065 -0.002547 0.003066 -0.000939 0.085033 -0.127852
0.162583 -0.166695 0.001717 -0.001824 0.002308 -0.000741 0.150500 -0.168301
0.123973 -0.142778 0.001064 -0.000947 0.001273 -0.000510 0.088018 -0.131573
-0.014618 -0.115876 -0.002129 -0.002611 -0.002940 -0.002025 0.030199 -0.070492
0.168107 0.082222 -0.002069 -0.002871 -0.003007 -0.002169 0.239459 0.160837
0.426761 0.417144 -0.001636 -0.002524 -0.002496 -0.001840 0.513111 0.521212
0.698460 0.847087 -0.000947 -0.001485 -0.001452 -0.000966 0.783108 0.958228
0.908812 1.284583 -0.000197 0.000177 -0.000032 0.000406 0.973611 1.374981
0.991422 1.605850 0.000397 0.002236 0.001530 0.002103 1.021152 1.642124
0.907174 1.672101 0.000659 0.004342 0.002980 0.003846 0.893420 1.621403
0.657722 1.359389 0.000505 0.006096 0.004101 0.005312 0.601183 1.196624
0.288874 0.590705 -0.000023 0.007145 0.004755 0.006206 0.199402 0.305267
-0.117915 -0.637521 -0.000770 0.007272 0.004905 0.006343 -0.223659 -1.037152
-0.464446 -2.241867 -0.001508 0.006463 0.004603 0.005694 -0.567159 -2.727036
-0.660520 -4.056236 -0.002002 0.004922 0.003963 0.004410 -0.743167 -4.581120
-0.648075 -5.854868 -0.002081 0.003026 0.003111 0.002788 -0.700225 -6.363285
-0.418094 -7.390358 -0.001690 0.001245 0.002152 0.001203 -0.438507 -7.825120
-0.015394 -8.439006 -0.000909 0.000024 0.001149 0.000020 -0.012124 -8.751919
0.470434 -8.843681 0.000067 -0.000324 0.000118 -0.000497 0.482460 -9.004075
0.925953 -8.544567 0.000983 0.000300 -0.000948 -0.000248 0.929212 -8.544501
1.241362 -7.590750 0.001599 0.001758 -0.002043 0.000677 1.220711 -7.445807
1.337443 -6.130031 0.001758 0.003707 -0.003128 0.002030 1.284419 -5.875600
1.184908 -4.379386 0.001432 0.005686 -0.004107 0.003464 1.100190 -4.063344
0.811161 -2.582917 0.000734 0.007226 -0.004843 0.004623 0.704542 -2.256402
0.292869 -0.966829 -0.000121 0.007965 -0.005186 0.005229 0.180772 -0.675137
-0.263499 0.298795 -0.000871 0.007727 -0.005015 0.005146 -0.362241 0.523305
-0.747837 1.123705 -0.001286 0.006556 -0.004286 0.004399 -0.816780 1.265403
-1.072374 1.502871 -0.001234 0.004692 -0.003060 0.003161 -1.101545 1.562907
-1.190858 1.504212 -0.000715 0.002503 -0.001501 0.001695 -1.179071 1.497259
-1.106425 1.243363 0.000142 0.000394 0.000147 0.000283 -1.061298 1.192205
-0.866860 0.852666 0.001117 -0.001294 0.001612 -0.000837 -0.802630 0.782108
-0.549304 0.452056 0.001958 -0.002347 0.002657 -0.001528 -0.483129 0.383600
-0.239101 0.128057 0.002460 -0.002710 0.003132 -0.001765 -0.186884 0.076375
-0.008636 -0.075743 0.002506 -0.002478 0.003009 -0.001623 0.018539 -0.104079
0.098472 -0.156654 0.002106 -0.001846 0.002384 -0.001240 0.096440 -0.162365
0.074366 -0.142039 0.001377 -0.001049 0.001451 -0.000769 0.046115 -0.130898
0.004878 -0.096891 -0.002685 -0.002205 -0.002803 -0.002305 0.042730 -0.059274
0.204587 0.100207 -0.002705 -0.002405 -0.002793 -0.002480 0.268486 0.166158
0.486850 0.429741 -0.002224 -0.002092 -0.002261 -0.002111 0.565120 0.516481
0.784767 0.850965 -0.001317 -0.001184 -0.001289 -0.001115 0.860675 0.941484
1.017653 1.277500 -0.000161 0.000273 -0.000064 0.000454 1.073122 1.346604
1.111467 1.586044 0.001011 0.002093 0.001169 0.002398 1.131417 1.604143
1.019558 1.637198 0.001966 0.003977 0.002170 0.004403 0.995759 1.576126
0.737939 1.305204 0.002536 0.005572 0.002765 0.006103 0.671282 1.144970
0.310327 0.510414 0.002655 0.006562 0.002886 0.007165 0.210837 0.245357
-0.179240 -0.753369 0.002369 0.006741 0.002583 0.007377 -0.294768 -1.110637
-0.625070 -2.404260 0.001816 0.006084 0.001998 0.006705 -0.737250 -2.822359
-0.925388 -4.275541 0.001177 0.004755 0.001319 0.005317 -1.017167 -4.707819
-1.008286 -6.138008 0.000617 0.003085 0.000720 0.003546 -1.069277 -6.529635
-0.851090 -7.737955 0.000237 0.001491 0.000308 0.001817 -0.880144 -8.035313
-0.487754 -8.843277 0.000050 0.000374 0.000098 0.000543 -0.493032 -9.003743
-0.001949 -9.287773 -0.000020 0.000025 0.000020 0.000025 0.001538 -9.287766
0.492631 -9.003715 -0.000098 0.000545 -0.000050 0.000376 0.487359 -8.843237
0.879778 -8.035254 -0.000308 0.001820 -0.000238 0.001493 0.850736 -7.737885
1.068966 -6.529550 -0.000720 0.003549 -0.000617 0.003089 1.007991 -6.137915
1.016924 -4.707716 -0.001320 0.005320 -0.001177 0.004758 0.925164 -4.275432
0.737083 -2.822246 -0.001998 0.006708 -0.001816 0.006086 0.624921 -2.404144
0.294673 -1.110524 -0.002583 0.007378 -0.002369 0.006742 0.179164 -0.753256
-0.210867 0.245461 -0.002885 0.007165 -0.002654 0.006561 -0.310341 0.510516
-0.671261 1.145059 -0.002764 0.006102 -0.002535 0.005571 -0.737906 1.305287
-0.995703 1.576194 -0.002168 0.004401 -0.001964 0.003974 -1.019495 1.637260
-1.131343 1.604190 -0.001167 0.002395 -0.001008 0.002090 -1.111390 1.586084
-1.073045 1.346629 0.000066 0.000451 0.000163 0.000271 -1.017578 1.277520
-0.860608 0.941491 0.001290 -0.001117 0.001319 -0.001186 -0.784703 0.850968
-0.565069 0.516476 0.002262 -0.002112 0.002225 -0.002093 -0.486804 0.429733
-0.268455 0.166147 0.002794 -0.002481 0.002705 -0.002405 -0.204561 0.100195
-0.042718 -0.059285 0.002803 -0.002305 0.002685 -0.002205 -0.004870 -0.096902
0.066666 -0.153081 0.002330 -0.001761 0.002207 -0.001664 0.074035 -0.163274
0.048709 -0.141554 0.001521 -0.001059 0.001416 -0.000982 0.028663 -0.131090
-0.018532 -0.104068 -0.003009 -0.001623 -0.002507 -0.002478 0.008648 -0.075732
0.186910 0.076387 -0.003131 -0.001764 -0.002459 -0.002710 0.239130 0.128068
0.483174 0.383606 -0.002656 -0.001527 -0.001957 -0.002346 0.549352 0.452059
0.802692 0.782103 -0.001611 -0.000835 -0.001115 -0.001293 0.866925 0.852656
1.061371 1.192183 -0.000145 0.000286 -0.000140 0.000396 1.106499 1.243336
1.179145 1.497216 0.001503 0.001698 0.000718 0.002506 1.190929 1.504164
1.101605 1.562843 0.003062 0.003164 0.001237 0.004694 1.072427 1.502802
0.816809 1.265319 0.004288 0.004401 0.001288 0.006558 0.747856 1.123617
0.362224 0.523206 0.005016 0.005146 0.000871 0.007728 0.263469 0.298694
-0.180851 -0.675244 0.005186 0.005228 0.000121 0.007964 -0.292961 -0.966935
-0.704691 -2.256509 0.004843 0.004620 -0.000735 0.007224 -0.811324 -2.583019
-1.100412 -4.063440 0.004107 0.003460 -0.001434 0.005682 -1.185143 -4.379475
-1.284709 -5.875678 0.003128 0.002026 -0.001760 0.003704 -1.337743 -6.130098
-1.221058 -7.445858 0.002044 0.000674 -0.001601 0.001755 -1.241714 -7.590789
-0.929596 -8.544520 0.000949 -0.000250 -0.000985 0.000299 -0.926336 -8.544574
-0.482859 -9.004061 -0.000116 -0.000497 -0.000069 -0.000324 -0.470825 -8.843654
0.011737 -8.751871 -0.001147 0.000022 0.000907 0.000026 0.015021 -8.438946
0.438155 -7.825043 -0.002151 0.001206 0.001688 0.001248 0.417761 -7.390272
0.699928 -6.363186 -0.003110 0.002792 0.002080 0.003029 0.647801 -5.854762
0.742938 -4.581006 -0.003962 0.004414 0.002001 0.004925 0.660315 -4.056118
0.567005 -2.726917 -0.004603 0.005697 0.001507 0.006465 0.464314 -2.241748
0.223576 -1.037037 -0.004904 0.006344 0.000770 0.007273 0.117851 -0.637409
-0.199423 0.305371 -0.004754 0.006206 0.000024 0.007144 -0.288879 0.590803
-0.601155 1.196709 -0.004100 0.005310 -0.000503 0.006094 -0.657682 1.359468
-0.893360 1.621467 -0.002979 0.003843 -0.000657 0.004340 -0.907108 1.672156
-1.021077 1.642164 -0.001528 0.002099 -0.000395 0.002233 -0.991345 1.605883
-0.973535 1.375001 0.000034 0.000403 0.000199 0.000174 -0.908737 1.284596
-0.783042 0.958231 0.001454 -0.000969 0.000949 -0.001487 -0.698399 0.847085
-0.513062 0.521204 0.002497 -0.001841 0.001637 -0.002525 -0.426718 0.417132
-0.239430 0.160823 0.003008 -0.002169 0.002069 -0.002871 -0.168083 0.082208
-0.030188 -0.070504 0.002940 -0.002025 0.002129 -0.002611 0.014624 -0.115887
0.070581 -0.164711 0.002371 -0.001564 0.001804 -0.001935 0.084662 -0.178417
0.051136 -0.148064 0.001477 -0.000967 0.001186 -0.001084 0.037841 -0.138031
-0.085027 -0.127840 -0.003067 -0.000939 -0.002065 -0.002548 -0.070153 -0.108520
0.112571 0.022731 -0.003319 -0.001008 -0.002012 -0.002865 0.150925 0.060580
0.410396 0.292680 -0.002922 -0.000854 -0.001576 -0.002562 0.462381 0.343899
0.744112 0.655207 -0.001856 -0.000417 -0.000893 -0.001529 0.795416 0.708008
1.029930 1.042170 -0.000233 0.000293 -0.000186 0.000186 1.065070 1.079294
1.184385 1.349287 0.001719 0.001187 0.000297 0.002362 1.190583 1.351124
1.146080 1.452722 0.003709 0.002098 0.000353 0.004640 1.116712 1.401993
0.893604 1.234852 0.005440 0.002822 -0.000107 0.006589 0.830227 1.121896
0.454393 0.614007 0.006665 0.003167 -0.001022 0.007811 0.366709 0.441374
-0.098501 -0.428948 0.007232 0.003010 -0.002187 0.008036 -0.194855 -0.643931
-0.661621 -1.834432 0.007100 0.002341 -0.003297 0.007207 -0.748954 -2.060148
-1.124866 -3.463822 0.006324 0.001280 -0.004027 0.005498 -1.187980 -3.658253
-1.397864 -5.116914 0.005033 0.000058 -0.004119 0.003288 -1.428054 -5.234469
-1.432097 -6.564777 0.003388 -0.001032 -0.003455 0.001079 -1.429472 -6.564802
-1.232871 -7.591612 0.001549 -0.001710 -0.002096 -0.000626 -1.206332 -7.446790
-0.857854 -8.036569 -0.000343 -0.001776 -0.000273 -0.001442 -0.822674 -7.739316
-0.402472 -7.826086 -0.002168 -0.001169 0.001672 -0.001199 -0.376118 -7.391381
0.023996 -6.989208 -0.003828 0.000015 0.003365 0.000022 0.026677 -6.453078
0.325314 -5.652237 -0.005222 0.001538 0.004499 0.001904 0.296238 -5.066083
0.441137 -4.013892 -0.006249 0.003082 0.004905 0.003978 0.381301 -3.435800
0.359963 -2.306664 -0.006806 0.004320 0.004586 0.005739 0.279327 -1.791537
0.119145 -0.753171 -0.006812 0.004996 0.003710 0.006766 0.034106 -0.343753
-0.207520 0.472856 -0.006226 0.004982 0.002552 0.006818 -0.278358 0.752225
-0.530813 1.272806 -0.005083 0.004304 0.001420 0.005885 -0.571408 1.418572
-0.769755 1.631962 -0.003502 0.003125 0.000569 0.004178 -0.770665 1.659636
-0.871546 1.610459 -0.001683 0.001699 0.000143 0.002062 -0.832181 1.549492
-0.822763 1.320247 0.000120 0.000307 0.000149 -0.000040 -0.751313 1.206903
-0.649470 0.894744 0.001647 -0.000815 0.000469 -0.001746 -0.560625 0.764678
-0.407045 0.458833 0.002685 -0.001521 0.000913 -0.002802 -0.318191 0.340961
-0.163237 0.105853 0.003110 -0.001776 0.001276 -0.003122 -0.090201 0.018617
0.020469 -0.114347 0.002922 -0.001645 0.001407 -0.002787 0.067009 -0.163903
0.104067 -0.195431 0.002236 -0.001260 0.001242 -0.002001 0.120643 -0.210073
0.077147 -0.164886 0.001256 -0.000775 0.000816 -0.001026 0.067612 -0.153917
-0.184123 -0.155140 -0.002860 -0.000242 -0.001519 -0.002522 -0.181006 -0.143349
-0.009441 -0.043915 -0.003262 -0.000208 -0.001479 -0.002953 0.014987 -0.018040
0.274742 0.176854 -0.003017 -0.000108 -0.001124 -0.002767 0.312331 0.213200
0.611391 0.491246 -0.002058 0.000091 -0.000603 -0.001838 0.649987 0.529280
0.921263 0.846256 -0.000457 0.000389 -0.000144 -0.000199 0.947624 0.872994
1.120996 1.154526 0.001588 0.000738 0.000009 0.001937 1.124261 1.155420
1.144092 1.307583 0.003786 0.001039 -0.000329 0.004205 1.118892 1.270455
0.959318 1.198018 0.005812 0.001170 -0.001216 0.006164 0.907595 1.117486
0.581277 0.746219 0.007368 0.001018 -0.002549 0.007392 0.512233 0.627455
0.069815 -0.074730 0.008229 0.000521 -0.004066 0.007596 -0.002135 -0.214078
-0.482221 -1.222754 0.008280 -0.000302 -0.005407 0.006694 -0.541029 -1.353355
-0.970141 -2.584415 0.007522 -0.001339 -0.006196 0.004849 -1.002321 -2.669042
-1.302205 -3.988707 0.006052 -0.002397 -0.006140 0.002441 -1.300501 -3.988558
-1.421610 -5.235333 0.004040 -0.003243 -0.005111 -0.000013 -1.387109 -5.117696
-1.319860 -6.131917 0.001694 -0.003662 -0.003192 -0.001981 -1.261900 -5.877551
-1.037958 -6.532091 -0.000769 -0.003510 -0.000665 -0.003041 -0.971802 -6.140573
-0.655117 -6.365675 -0.003142 -0.002761 0.002049 -0.002986 -0.597981 -5.857356
-0.268090 -5.653832 -0.005237 -0.001518 0.004485 -0.001868 -0.234593 -5.067736
0.033296 -4.505481 -0.006891 0.000005 0.006242 0.000013 0.035039 -3.893415
0.187894 -3.095692 -0.007970 0.001527 0.007072 0.002188 0.158447 -2.513731
0.176618 -1.631066 -0.008381 0.002767 0.006929 0.004132 0.125091 -1.130176
0.024280 -0.310064 -0.008082 0.003511 0.005968 0.005396 -0.034088 0.072170
-0.210112 0.712792 -0.007102 0.003654 0.004493 0.005709 -0.257958 0.957624
-0.451375 1.351207 -0.005550 0.003222 0.002869 0.005029 -0.473728 1.460367
-0.629233 1.595370 -0.003616 0.002358 0.001434 0.003543 -0.617310 1.588754
-0.696579 1.503702 -0.001548 0.001278 0.000422 0.001608 -0.649875 1.413869
-0.640201 1.181530 0.000376 0.000216 -0.000082 -0.000351 -0.566369 1.046444
-0.481576 0.752891 0.001901 -0.000633 -0.000138 -0.001944 -0.394222 0.608573
-0.268271 0.332618 0.002841 -0.001151 0.000093 -0.002904 -0.183327 0.207270
-0.059015 0.004991 0.003117 -0.001317 0.000404 -0.003133 0.009274 -0.084391
0.092958 -0.187176 0.002769 -0.001188 0.000614 -0.002709 0.135376 -0.235342
0.153624 -0.242190 0.001952 -0.000878 0.000614 -0.001839 0.167827 -0.253694
0.115466 -0.189939 0.000894 -0.000507 0.000391 -0.000793 0.105956 -0.175596
-0.296205 -0.173168 -0.002426 0.000376 -0.000925 -0.002403 -0.302434 -0.166837
-0.159658 -0.105848 -0.002978 0.000553 -0.000906 -0.002968 -0.147368 -0.089355
0.093642 0.058057 -0.002938 0.000657 -0.000631 -0.002952 0.118232 0.082516
0.417708 0.314184 -0.002200 0.000690 -0.000250 -0.002207 0.444910 0.340590
0.742188 0.626557 -0.000789 0.000647 0.000011 -0.000745 0.761309 0.645815
0.987914 0.927756 0.001135 0.000510 -0.000084 0.001243 0.990252 0.929797
1.086233 1.128375 0.003305 0.000241 -0.000706 0.003407 1.067766 1.105334
0.997102 1.134926 0.005399 -0.000207 -0.001897 0.005306 0.960085 1.084689
0.720951 0.872694 0.007091 -0.000870 -0.003525 0.006511 0.673850 0.801863
0.300735 0.308123 0.008116 -0.001746 -0.005302 0.006708 0.256392 0.233382
-0.186842 -0.535375 0.008306 -0.002780 -0.006832 0.005790 -0.214405 -0.588220
-0.648982 -1.573188 0.007613 -0.003855 -0.007709 0.003893 -0.648314 -1.572720
-0.998884 -2.669347 0.006103 -0.004807 -0.007614 0.001379 -0.964368 -2.584148
-1.176477 -3.659400 0.003941 -0.005456 -0.006408 -0.001239 -1.110176 -3.464704
-1.162327 -4.381858 0.001359 -0.005645 -0.004178 -0.003421 -1.073827 -4.065776
-0.981017 -4.711228 -0.001379 -0.005286 -0.001232 -0.004718 -0.885245 -4.279023
-0.693256 -4.584879 -0.004006 -0.004390 0.001962 -0.004890 -0.606799 -4.060106
-0.378988 -4.017226 -0.006275 -0.003070 0.004882 -0.003952 -0.315903 -3.439229
-0.116254 -3.097641 -0.007981 -0.001527 0.007063 -0.002172 -0.084491 -2.515729
0.038415 -1.972448 -0.008975 -0.000006 0.008198 0.000002 0.038991 -1.437871
0.062872 -0.815204 -0.009173 0.001255 0.008201 0.002052 0.040314 -0.372597
-0.027691 0.207753 -0.008574 0.002078 0.007209 0.003519 -0.059655 0.527659
-0.187980 0.968557 -0.007265 0.002382 0.005535 0.004109 -0.213661 1.153427
-0.357503 1.398985 -0.005414 0.002196 0.003583 0.003750 -0.363393 1.455718
-0.478575 1.497410 -0.003262 0.001641 0.001747 0.002600 -0.456808 1.449321
-0.512255 1.321075 -0.001092 0.000900 0.000324 0.000984 -0.462460 1.202218
-0.447900 0.966738 0.000815 0.000163 -0.000539 -0.000690 -0.377019 0.814775
-0.304123 0.545305 0.002219 -0.000416 -0.000854 -0.002044 -0.224312 0.394541
-0.121491 0.156932 0.002973 -0.000749 -0.000757 -0.002815 -0.046749 0.032955
0.050383 -0.127706 0.003040 -0.000825 -0.000452 -0.002905 0.107891 -0.210845
0.167287 -0.276499 0.002506 -0.000698 -0.000142 -0.002386 0.200216 -0.316338
0.202230 -0.294686 0.001557 -0.000460 0.000031 -0.001463 0.209604 -0.298042
0.151534 -0.215338 0.000439 -0.000203 0.000008 -0.000401 0.138543 -0.194559
-0.396181 -0.172790 -0.001828 0.000829 -0.000350 -0.002186 -0.408124 -0.169839
-0.311272 -0.148387 -0.002506 0.001187 -0.000352 -0.002895 -0.308049 -0.138558
-0.106589 -0.043731 -0.002691 0.001371 -0.000143 -0.003087 -0.092493 -0.028107
0.185865 0.147484 -0.002246 0.001343 0.000134 -0.002596 0.203648 0.165161
0.508568 0.406331 -0.001156 0.001088 0.000267 -0.001400 0.521938 0.420176
0.790811 0.686468 0.000470 0.000601 0.000029 0.000343 0.793219 0.690036
0.965513 0.919753 0.002406 -0.000111 -0.000743 0.002314 0.954217 0.908473
0.986207 1.029518 0.004355 -0.001036 -0.002082 0.004094 0.963608 1.003426
0.839543 0.948980 0.005999 -0.002139 -0.003855 0.005259 0.813130 0.914963
0.549725 0.640408 0.007057 -0.003361 -0.005769 0.005485 0.530492 0.613121
0.173371 0.109808 0.007331 -0.004609 -0.007424 0.004635 0.173061 0.110680
-0.214051 -0.587436 0.006737 -0.005755 -0.008401 0.002810 -0.186176 -0.533289
-0.536697 -1.352528 0.005314 -0.006655 -0.008371 0.000335 -0.476658 -1.221074
-0.736801 -2.060458 0.003210 -0.007168 -0.007183 -0.002308 -0.647450 -1.834281
-0.788144 -2.585025 0.000657 -0.007189 -0.004915 -0.004589 -0.678954 -2.258350
-0.700988 -2.825967 -0.002061 -0.006679 -0.001873 -0.006056 -0.586051 -2.407891
-0.517298 -2.731619 -0.004651 -0.005680 0.001466 -0.006442 -0.412021 -2.246561
-0.297843 -2.311406 -0.006837 -0.004316 0.004561 -0.005725 -0.215209 -1.796400
-0.104959 -1.634870 -0.008397 -0.002777 0.006918 -0.004129 -0.052365 -1.134069
0.014094 -0.817305 -0.009177 -0.001276 0.008199 -0.002061 0.036554 -0.374740
0.038617 0.004603 -0.009115 -0.000016 0.008290 -0.000011 0.037944 0.352487
-0.022170 0.701238 -0.008244 0.000863 0.007308 0.001575 -0.033937 0.931680
-0.134378 1.175856 -0.006694 0.001300 0.005562 0.002394 -0.143509 1.283190
-0.251358 1.381783 -0.004676 0.001325 0.003469 0.002354 -0.246117 1.377494
-0.328438 1.327481 -0.002462 0.001044 0.001447 0.001575 -0.302124 1.236995
-0.336115 1.069088 -0.000345 0.000606 -0.000170 0.000346 -0.288621 0.926132
-0.267942 0.693185 0.001403 0.000159 -0.001198 -0.000964 -0.205483 0.533061
-0.141185 0.294722 0.002574 -0.000178 -0.001617 -0.002006 -0.074313 0.147997
0.009514 -0.044192 0.003064 -0.000347 -0.001546 -0.002535 0.068964 -0.156276
0.143137 -0.269691 0.002881 -0.000347 -0.001186 -0.002463 0.185318 -0.337318
0.224468 -0.362820 0.002153 -0.000228 -0.000749 -0.001860 0.244080 -0.387074
0.233818 -0.337080 0.001089 -0.000062 -0.000406 -0.000923 0.231310 -0.327289
0.171663 -0.228854 -0.000056 0.000086 -0.000243 0.000096 0.152834 -0.198725
-0.458544 -0.150784 -0.001152 0.001054 0.000143 -0.001859 -0.472150 -0.149526
-0.434901 -0.162829 -0.001907 0.001613 0.000126 -0.002707 -0.437091 -0.157264
-0.294758 -0.113880 -0.002295 0.001945 0.000286 -0.003128 -0.288105 -0.104359
-0.054432 0.010773 -0.002164 0.001976 0.000501 -0.002936 -0.043819 0.022182
0.244414 0.207481 -0.001462 0.001666 0.000578 -0.002077 0.253282 0.217297
0.543440 0.450166 -0.000248 0.001013 0.000306 -0.000661 0.545966 0.454604
0.781247 0.692397 0.001306 0.000045 -0.000472 0.001041 0.775747 0.689121
0.908435 0.876056 0.002951 -0.001182 -0.001796 0.002651 0.897230 0.866193
0.900012 0.945066 0.004397 -0.002583 -0.003548 0.003767 0.889386 0.934824
0.761680 0.860851 0.005377 -0.004053 -0.005457 0.004062 0.760585 0.862111
0.528161 0.615274 0.005683 -0.005464 -0.007143 0.003376 0.545942 0.644668
0.253958 0.237098 0.005214 -0.006678 -0.008204 0.001766 0.297687 0.313439
-0.000915 -0.210570 0.003980 -0.007561 -0.008313 -0.000499 0.071258 -0.070143
-0.186256 -0.641992 0.002106 -0.008001 -0.007309 -0.002986 -0.088958 -0.426396
-0.273816 -0.967298 -0.000193 -0.007934 -0.005252 -0.005206 -0.160270 -0.675361
-0.262981 -1.113344 -0.002642 -0.007355 -0.002421 -0.006724 -0.145845 -0.756076
-0.178610 -1.041643 -0.004949 -0.006333 0.000734 -0.007261 -0.071461 -0.642141
-0.061970 -0.758601 -0.006839 -0.004999 0.003690 -0.006764 0.023904 -0.349344
0.042365 -0.315230 -0.008094 -0.003528 0.005962 -0.005406 0.100640 0.066868
0.099682 0.203807 -0.008574 -0.002107 0.007213 -0.003541 0.130391 0.523627
0.094531 0.699148 -0.008240 -0.000902 0.007313 -0.001608 0.103798 0.929551
0.033806 1.078937 -0.007153 -0.000023 0.006366 -0.000021 0.031979 1.205546
-0.057085 1.278741 -0.005472 0.000490 0.004664 0.000929 -0.058367 1.302240
-0.143439 1.274335 -0.003432 0.000667 0.002610 0.001136 -0.134424 1.209798
-0.192816 1.084510 -0.001314 0.000599 0.000620 0.000693 -0.168190 0.957956
-0.185317 0.763727 0.000598 0.000403 -0.000969 -0.000158 -0.145421 0.606730
-0.119509 0.387051 0.002061 0.000192 -0.001961 -0.001093 -0.069944 0.230666
-0.012419 0.031634 0.002908 0.000050 -0.002325 -0.001807 0.037806 -0.099020
0.106122 -0.240411 0.003080 0.000011 -0.002170 -0.002087 0.147327 -0.329793
0.202795 -0.393679 0.002632 0.000064 -0.001694 -0.001862 0.227434 -0.437087
0.250764 -0.423376 0.001723 0.000165 -0.001116 -0.001204 0.255526 -0.425819
0.237275 -0.351450 0.000580 0.000261 -0.000616 -0.000297 0.223916 -0.324693
0.166751 -0.216942 -0.000549 0.000308 -0.000301 0.000625 0.141489 -0.175647
-0.462779 -0.110443 -0.000493 0.001017 0.000510 -0.001414 -0.474380 -0.109774
-0.504096 -0.147926 -0.001258 0.001768 0.000481 -0.002376 -0.508169 -0.144792
-0.439897 -0.145366 -0.001792 0.002294 0.000607 -0.003021 -0.437636 -0.139751
-0.270617 -0.082895 -0.001942 0.002484 0.000794 -0.003150 -0.264966 -0.075787
-0.020371 0.047875 -0.001628 0.002274 0.000878 -0.002671 -0.015003 0.054615
0.267916 0.238547 -0.000862 0.001648 0.000667 -0.001640 0.270015 0.242874
0.542472 0.463058 0.000243 0.000637 0.000011 -0.000266 0.540374 0.463931
0.755123 0.682152 0.001494 -0.000681 -0.001145 0.001129 0.750818 0.680920
0.872822 0.852507 0.002651 -0.002194 -0.002714 0.002182 0.871205 0.854031
0.885078 0.938273 0.003478 -0.003766 -0.004469 0.002579 0.892958 0.951286
0.805263 0.921766 0.003782 -0.005245 -0.006075 0.002142 0.829587 0.958101
0.665551 0.810054 0.003450 -0.006486 -0.007167 0.000878 0.711318 0.882648
0.507080 0.635106 0.002476 -0.007361 -0.007440 -0.001006 0.575551 0.755055
0.368305 0.446939 0.000954 -0.007779 -0.006730 -0.003154 0.456075 0.620232
0.274937 0.301258 -0.000931 -0.007701 -0.005069 -0.005135 0.374230 0.526008
0.234314 0.244727 -0.002933 -0.007148 -0.002694 -0.006554 0.334494 0.509732
0.235621 0.301916 -0.004787 -0.006201 0.000000 -0.007144 0.325576 0.587143
0.255558 0.467639 -0.006241 -0.004992 0.002545 -0.006827 0.326310 0.746758
0.267414 0.706991 -0.007101 -0.003677 0.004500 -0.005729 0.314256 0.951604
0.250567 0.963301 -0.007251 -0.002417 0.005552 -0.004140 0.274093 1.148018
0.197382 1.172004 -0.006675 -0.001344 0.005582 -0.002436 0.203120 1.279256
0.115447 1.276769 -0.005457 -0.000538 0.004678 -0.000978 0.112188 1.300240
0.024623 1.243581 -0.003771 -0.000025 0.003108 -0.000027 0.021914 1.189439
-0.049943 1.069065 -0.001857 0.000229 0.001244 0.000315 -0.044440 0.954676
-0.086452 0.780956 0.000018 0.000299 -0.000529 0.000114 -0.068980 0.631371
-0.073896 0.430807 0.001597 0.000274 -0.001897 -0.000426 -0.045446 0.273817
-0.015922 0.081092 0.002677 0.000234 -0.002681 -0.001036 0.018307 -0.057998
0.070040 -0.209683 0.003140 0.000233 -0.002856 -0.001460 0.102380 -0.312407
0.158012 -0.399919 0.002976 0.000283 -0.002531 -0.001524 0.180722 -0.457231
0.221317 -0.472730 0.002277 0.000364 -0.001901 -0.001182 0.228933 -0.485379
0.240523 -0.437025 0.001227 0.000438 -0.001184 -0.000510 0.231486 -0.413855
0.209022 -0.322217 0.000055 0.000465 -0.000562 0.000320 0.186133 -0.277001
0.134607 -0.168616 -0.001004 0.000424 -0.000144 0.001099 0.104239 -0.116324
-0.397989 -0.060471 0.000058 0.000727 0.000730 -0.000856 -0.404945 -0.059872
-0.500569 -0.109631 -0.000645 0.001626 0.000691 -0.001888 -0.503720 -0.107736
-0.516655 -0.139512 -0.001245 0.002349 0.000790 -0.002726 -0.516205 -0.136219
-0.432198 -0.128757 -0.001600 0.002762 0.000968 -0.003163 -0.429586 -0.124465
-0.253667 -0.061133 -0.001613 0.002770 0.001097 -0.003074 -0.250969 -0.056746
-0.006826 0.068686 -0.001257 0.002336 0.001014 -0.002458 -0.005808 0.072121
0.269413 0.252085 -0.000592 0.001480 0.000573 -0.001454 0.268264 0.254097
0.532333 0.467475 0.000252 0.000278 -0.000296 -0.000313 0.530460 0.469054
0.745343 0.685248 0.001094 -0.001151 -0.001547 0.000656 0.746145 0.689576
0.885749 0.875459 0.001741 -0.002659 -0.003009 0.001165 0.893890 0.888123
0.948318 1.015945 0.002025 -0.004088 -0.004416 0.001027 0.968449 1.044359
0.943913 1.098387 0.001840 -0.005289 -0.005458 0.000205 0.979151 1.150358
0.893931 1.130285 0.001163 -0.006140 -0.005868 -0.001168 0.944578 1.211935
0.822543 1.132072 0.000058 -0.006563 -0.005487 -0.002818 0.885458 1.245581
0.749221 1.130069 -0.001328 -0.006535 -0.004323 -0.004398 0.818140 1.271864
0.683871 1.147341 -0.002793 -0.006090 -0.002557 -0.005574 0.750639 1.307352
0.625843 1.195284 -0.004113 -0.005311 -0.000509 -0.006104 0.682294 1.357656
0.566829 1.268607 -0.005079 -0.004319 0.001431 -0.005905 0.606784 1.413950
0.496329 1.345481 -0.005529 -0.003251 0.002895 -0.005058 0.517148 1.454272
0.407589 1.393012 -0.005379 -0.002235 0.003621 -0.003790 0.410816 1.449481
0.301848 1.376637 -0.004635 -0.001372 0.003510 -0.002401 0.292726 1.372197
0.189372 1.270723 -0.003395 -0.000718 0.002646 -0.001189 0.175344 1.206126
0.086904 1.067285 -0.001833 -0.000279 0.001266 -0.000369 0.075521 0.952888
0.012429 0.780164 -0.000176 -0.000023 -0.000303 -0.000026 0.009263 0.634178
-0.020933 0.443343 0.001336 0.000110 -0.001727 -0.000105 -0.013777 0.288407
-0.009781 0.103754 0.002490 0.000185 -0.002740 -0.000440 0.005882 -0.037391
0.037680 -0.189476 0.003130 0.000253 -0.003198 -0.000812 0.056813 -0.298233
0.103433 -0.396383 0.003192 0.000340 -0.003099 -0.001017 0.119415 -0.461505
0.164633 -0.495053 0.002708 0.000440 -0.002559 -0.000926 0.171337 -0.514126
0.200214 -0.485731 0.001804 0.000528 -0.001771 -0.000518 0.193908 -0.464694
0.197031 -0.389245 0.000673 0.000568 -0.000946 0.000121 0.177549 -0.340206
0.153607 -0.240513 -0.000463 0.000533 -0.000254 0.000834 0.124465 -0.178481
0.080331 -0.079145 -0.001397 0.000420 0.000203 0.001438 0.047767 -0.018564
-0.265722 -0.012515 0.000432 0.000233 0.000812 -0.000211 -0.266811 -0.011918
-0.418088 -0.059256 -0.000149 0.001203 0.000758 -0.001253 -0.418643 -0.057978
-0.510043 -0.105091 -0.000732 0.002084 0.000826 -0.002226 -0.509632 -0.103115
-0.515865 -0.130680 -0.001193 0.002726 0.000996 -0.002926 -0.514840 -0.128161
-0.425926 -0.116446 -0.001432 0.003012 0.001180 -0.003201 -0.425180 -0.113806
-0.248646 -0.048098 -0.001395 0.002880 0.001249 -0.002998 -0.249082 -0.045903
-0.008030 0.079099 -0.001095 0.002327 0.001069 -0.002380 -0.009945 0.080495
0.262347 0.258660 -0.000605 0.001410 0.000558 -0.001525 0.259721 0.259617
0.527101 0.474372 -0.000047 0.000235 -0.000283 -0.000672 0.525670 0.476395
0.756366 0.704437 0.000435 -0.001058 -0.001349 -0.000071 0.758754 0.710302
0.930756 0.926926 0.000706 -0.002316 -0.002449 0.000093 0.939499 0.940304
1.042944 1.124763 0.000672 -0.003397 -0.003345 -0.000252 1.059506 1.149296
1.095905 1.288652 0.000298 -0.004187 -0.003821 -0.001044 1.119865 1.326633
1.098883 1.417069 -0.000378 -0.004619 -0.003735 -0.002101 1.127603 1.468060
1.062762 1.513474 -0.001253 -0.004677 -0.003076 -0.003167 1.091712 1.573299
0.996455 1.581874 -0.002174 -0.004394 -0.001965 -0.003984 1.020186 1.642406
0.905433 1.622482 -0.002968 -0.003849 -0.000640 -0.004356 0.918947 1.672478
0.792565 1.629210 -0.003473 -0.003144 0.000603 -0.004204 0.792715 1.656177
0.660581 1.590146 -0.003569 -0.002391 0.001485 -0.003579 0.647047 1.582924
0.514850 1.491132 -0.003201 -0.001685 0.001809 -0.002644 0.490382 1.442602
0.365075 1.321421 -0.002393 -0.001094 0.001514 -0.001625 0.334876 1.230675
0.224977 1.079602 -0.001248 -0.000650 0.000683 -0.000746 0.195360 0.952940
0.109803 0.777700 0.000071 -0.000346 -0.000480 -0.000166 0.086494 0.628108
0.032395 0.441825 0.001366 -0.000150 -0.001700 0.000058 0.018965 0.286916
-0.000839 0.108714 0.002436 -0.000015 -0.002708 -0.000019 -0.003942 -0.032446
0.007435 -0.181203 0.003119 0.000100 -0.003300 -0.000261 0.011916 -0.291705
0.045350 -0.392475 0.003312 0.000223 -0.003383 -0.000493 0.052333 -0.460764
0.094485 -0.502690 0.002999 0.000355 -0.002984 -0.000563 0.098104 -0.524616
0.134680 -0.507640 0.002251 0.000477 -0.002235 -0.000384 0.130058 -0.486902
0.149583 -0.422123 0.001214 0.000556 -0.001324 0.000034 0.134325 -0.369031
0.131237 -0.276109 0.000080 0.000561 -0.000446 0.000601 0.106185 -0.205039
0.082238 -0.107358 -0.000951 0.000476 0.000246 0.001170 0.051279 -0.033532
0.014762 0.047477 -0.001705 0.000310 0.000670 0.001586 -0.016260 0.111075
-0.080343 0.022001 0.000593 -0.000378 0.000786 0.000467 -0.075856 0.022422
-0.264244 -0.010477 0.000168 0.000565 0.000709 -0.000512 -0.261827 -0.009614
-0.418591 -0.055962 -0.000329 0.001524 0.000735 -0.001541 -0.417447 -0.054782
-0.509866 -0.099936 -0.000799 0.002347 0.000879 -0.002428 -0.509587 -0.098540
-0.515338 -0.123641 -0.001149 0.002906 0.001099 -0.003007 -0.515958 -0.122250
-0.427508 -0.108711 -0.001311 0.003113 0.001303 -0.003178 -0.429326 -0.107702
-0.254917 -0.041797 -0.001264 0.002937 0.001380 -0.002939 -0.258174 -0.041600
-0.019402 0.082139 -0.001033 0.002406 0.001237 -0.002386 -0.024004 0.081253
0.249147 0.258695 -0.000688 0.001601 0.000838 -0.001689 0.243735 0.256835
0.518978 0.475211 -0.000325 0.000637 0.000224 -0.001045 0.513560 0.472929
0.761968 0.713665 -0.000044 -0.000352 -0.000492 -0.000625 0.757215 0.711756
0.957245 0.954231 0.000072 -0.001240 -0.001153 -0.000526 0.953194 0.953235
1.092487 1.178349 -0.000016 -0.001924 -0.001601 -0.000747 1.088159 1.177854
1.163205 1.370519 -0.000297 -0.002346 -0.001723 -0.001193 1.156534 1.368482
1.170867 1.518579 -0.000709 -0.002492 -0.001494 -0.001704 1.159046 1.510951
1.120877 1.612904 -0.001148 -0.002392 -0.000987 -0.002103 1.101079 1.593808
1.021182 1.645369 -0.001493 -0.002109 -0.000356 -0.002253 0.991481 1.607961
0.881795 1.609004 -0.001629 -0.001722 0.000200 -0.002090 0.841991 1.546941
0.714969 1.498924 -0.001475 -0.001314 0.000496 -0.001646 0.667035 1.408160
0.535372 1.314518 -0.001003 -0.000946 0.000411 -0.001030 0.483317 1.194973
0.359572 1.062215 -0.000248 -0.000656 -0.000077 -0.000396 0.308686 0.918839
0.204415 0.757689 0.000693 -0.000453 -0.000879 0.000106 0.160060 0.600511
0.084394 0.426306 0.001680 -0.000317 -0.001821 0.000379 0.050668 0.269308
0.008657 0.101015 0.002549 -0.000218 -0.002686 0.000401 -0.012701 -0.040052
-0.021400 -0.182358 0.003149 -0.000122 -0.003273 0.000233 -0.031495 -0.292783
-0.012959 -0.391565 0.003367 -0.000004 -0.003447 -0.000008 -0.015470 -0.460506
0.019508 -0.504620 0.003154 0.000137 -0.003171 -0.000186 0.019340 -0.527266
0.057605 -0.514876 0.002537 0.000286 -0.002508 -0.000193 0.054433 -0.493422
0.083639 -0.432965 0.001613 0.000411 -0.001601 0.000014 0.073523 -0.376135
0.085262 -0.284845 0.000534 0.000474 -0.000634 0.000402 0.066784 -0.206058
0.058724 -0.106235 -0.000519 0.000450 0.000220 0.000872 0.033384 -0.020854
0.009719 0.065215 -0.001376 0.000330 0.000835 0.001289 -0.018517 0.142906
-0.048530 0.198044 -0.001906 0.000132 0.001157 0.001525 -0.074397 0.257424
0.133172 0.034946 0.000546 -0.000997 0.000697 0.001104 0.141631 0.034971
-0.059607 0.024103 0.000282 -0.000184 0.000591 0.000262 -0.055065 0.024529
-0.255197 -0.007723 -0.000088 0.000749 0.000557 -0.000730 -0.253562 -0.007142
-0.416684 -0.052545 -0.000493 0.001663 0.000647 -0.001705 -0.417000 -0.051932
-0.512274 -0.095705 -0.000854 0.002428 0.000862 -0.002495 -0.513919 -0.095203
-0.521397 -0.119158 -0.001099 0.002939 0.001151 -0.002970 -0.524183 -0.119064
-0.438130 -0.105677 -0.001186 0.003137 0.001429 -0.003070 -0.442247 -0.106496
-0.271425 -0.042836 -0.001104 0.003017 0.001607 -0.002820 -0.277313 -0.045267
-0.042467 0.074185 -0.000883 0.002626 0.001621 -0.002317 -0.050707 0.069309
0.219875 0.241525 -0.000579 0.002047 0.001457 -0.001699 0.208581 0.233259
0.484274 0.447309 -0.000263 0.001385 0.001153 -0.001112 0.469033 0.434522
0.721682 0.673619 -0.000002 0.000744 0.000791 -0.000663 0.701322 0.654810
0.908805 0.899101 0.000158 0.000208 0.000465 -0.000398 0.881860 0.872168
1.030047 1.101568 0.000207 -0.000173 0.000250 -0.000298 0.994925 1.063656
1.078086 1.260199 0.000170 -0.000384 0.000174 -0.000291 1.033442 1.207786
1.053509 1.357244 0.000107 -0.000449 0.000204 -0.000281 0.998762 1.286583
0.963920 1.379432 0.000091 -0.000413 0.000258 -0.000192 0.899780 1.287375
0.822784 1.319300 0.000196 -0.000331 0.000226 0.000014 0.751595 1.204390
0.648042 1.176578 0.000471 -0.000253 0.000012 0.000316 0.573756 1.040166
0.460344 0.959446 0.000926 -0.000209 -0.000432 0.000647 0.388054 0.806493
0.280786 0.685200 0.001523 -0.000210 -0.001084 0.000917 0.215847 0.524456
0.128193 0.379741 0.002180 -0.000241 -0.001850 0.001046 0.075136 0.223078
0.016303 0.075361 0.002784 -0.000275 -0.002583 0.000995 -0.022200 -0.063744
-0.048574 -0.193263 0.003214 -0.000280 -0.003122 0.000781 -0.072376 -0.301878
-0.068717 -0.394450 0.003367 -0.000236 -0.003333 0.000475 -0.080279 -0.462552
-0.054459 -0.505275 0.003179 -0.000135 -0.003148 0.000183 -0.058275 -0.527792
-0.021805 -0.516366 0.002647 0.000008 -0.002584 0.000006 -0.023282 -0.494382
0.011404 -0.434401 0.001828 0.000160 -0.001737 0.000013 0.007318 -0.375198
0.029894 -0.281408 0.000835 0.000280 -0.000759 0.000212 0.019975 -0.197243
0.024778 -0.090692 -0.000183 0.000330 0.000177 0.000549 0.008317 0.003434
-0.004299 0.099845 -0.001072 0.000285 0.000925 0.000918 -0.025410 0.188965
-0.049386 0.255520 -0.001698 0.000146 0.001392 0.001195 -0.071305 0.327396
-0.096826 0.351925 -0.001977 -0.000064 0.001555 0.001276 -0.114963 0.399054
0.343650 0.023665 0.000342 -0.001515 0.000588 0.001614 0.353598 0.023184
0.165642 0.036044 0.000212 -0.000919 0.000451 0.000976 0.170546 0.035972
-0.045321 0.025940 -0.000027 -0.000118 0.000347 0.000116 -0.044288 0.025968
-0.253266 -0.005636 -0.000329 0.000776 0.000354 -0.000836 -0.254700 -0.005655
-0.421872 -0.050155 -0.000633 0.001639 0.000512 -0.001724 -0.424573 -0.050320
-0.521364 -0.093281 -0.000872 0.002361 0.000813 -0.002405 -0.524658 -0.093803
-0.533753 -0.118073 -0.000992 0.002861 0.001204 -0.002778 -0.537656 -0.119425
-0.455511 -0.108843 -0.000965 0.003106 0.001609 -0.002808 -0.460739 -0.111860
-0.297386 -0.054739 -0.000787 0.003104 0.001952 -0.002522 -0.305280 -0.060673
-0.081751 0.047701 -0.000488 0.002904 0.002176 -0.002004 -0.094128 0.037158
0.161725 0.193455 -0.000115 0.002579 0.002261 -0.001362 0.142752 0.176159
0.401075 0.369456 0.000275 0.002205 0.002219 -0.000700 0.373323 0.342834
0.606788 0.556335 0.000633 0.001846 0.002083 -0.000094 0.568307 0.517456
0.755648 0.731060 0.000930 0.001542 0.001888 0.000419 0.705083 0.676832
0.833278 0.870027 0.001160 0.001305 0.001654 0.000837 0.770286 0.797592
0.835301 0.952252 0.001346 0.001121 0.001374 0.001183 0.760924 0.859580
0.767176 0.962338 0.001525 0.000961 0.001020 0.001477 0.684067 0.848984
0.642884 0.892966 0.001737 0.000793 0.000558 0.001727 0.555256 0.760839
0.482626 0.746642 0.002010 0.000597 -0.000032 0.001915 0.395859 0.600582
0.309784 0.536368 0.002344 0.000371 -0.000735 0.002007 0.229687 0.384294
0.147430 0.284929 0.002708 0.000130 -0.001491 0.001964 0.079275 0.137372
0.014831 0.022569 0.003040 -0.000096 -0.002202 0.001766 -0.037632 -0.108468
-0.075514 -0.216914 0.003261 -0.000269 -0.002745 0.001426 -0.110831 -0.319659
-0.119724 -0.401269 0.003290 -0.000362 -0.003009 0.000994 -0.139053 -0.466175
-0.122794 -0.505309 0.003068 -0.000360 -0.002921 0.000555 -0.129661 -0.526921
-0.097072 -0.515779 0.002576 -0.000274 -0.002472 0.000202 -0.096558 -0.494039
-0.059144 -0.434417 0.001843 -0.000133 -0.001724 0.000011 -0.056703 -0.375046
-0.025760 -0.278311 0.000945 0.000019 -0.000798 0.000018 -0.025941 -0.192097
-0.009749 -0.077172 -0.000000 0.000135 0.000150 0.000202 -0.015161 0.021771
-0.016944 0.132168 -0.000862 0.000176 0.000966 0.000489 -0.027750 0.228834
-0.044986 0.312960 -0.001517 0.000123 0.001535 0.000771 -0.059062 0.394080
-0.084358 0.435884 -0.001874 -0.000021 0.001800 0.000936 -0.098090 0.492175
-0.121446 0.484820 -0.001894 -0.000225 0.001770 0.000901 -0.130927 0.512371
0.519468 -0.008252 0.000061 -0.001840 0.000495 0.001918 0.528124 -0.009163
0.377077 0.023091 0.000017 -0.001519 0.000334 0.001535 0.380138 0.022564
0.177324 0.036381 -0.000117 -0.000937 0.000159 0.000888 0.176142 0.035924
-0.048457 0.026414 -0.000317 -0.000172 0.000063 0.000068 -0.052050 0.025874
-0.263853 -0.005062 -0.000537 0.000669 0.000118 -0.000799 -0.268081 -0.005739
-0.434220 -0.049485 -0.000722 0.001478 0.000354 -0.001571 -0.437844 -0.050397
-0.532920 -0.093349 -0.000816 0.002166 0.000755 -0.002127 -0.535575 -0.094805
-0.545759 -0.121302 -0.000779 0.002672 0.001266 -0.002386 -0.548116 -0.123990
-0.472912 -0.119751 -0.000592 0.002978 0.001814 -0.002322 -0.476654 -0.124866
-0.328192 -0.080145 -0.000264 0.003099 0.002318 -0.001965 -0.335817 -0.089467
-0.136027 -0.001278 0.000172 0.003074 0.002717 -0.001380 -0.150508 -0.017169
0.073118 0.109838 0.000665 0.002953 0.002968 -0.000657 0.048790 0.084535
0.267956 0.238673 0.001163 0.002780 0.003052 0.000116 0.231300 0.200872
0.421337 0.365315 0.001620 0.002581 0.002963 0.000866 0.370925 0.312078
0.514188 0.467683 0.002009 0.002364 0.002705 0.001540 0.450114 0.396777
0.537924 0.525312 0.002323 0.002122 0.002285 0.002102 0.462097 0.435873
0.495080 0.523126 0.002573 0.001839 0.001711 0.002526 0.411243 0.416337
0.398167 0.454585 0.002777 0.001505 0.001004 0.002792 0.311580 0.334198
0.267009 0.323656 0.002952 0.001121 0.000200 0.002883 0.183786 0.196187
0.125003 0.145158 0.003098 0.000708 -0.000638 0.002786 0.051188 0.019585
-0.005083 -0.056762 0.003197 0.000302 -0.001421 0.002501 -0.064530 -0.169865
-0.105053 -0.251978 0.003212 -0.000053 -0.002048 0.002054 -0.147150 -0.341826
-0.164273 -0.409169 0.003096 -0.000315 -0.002421 0.001498 -0.188573 -0.466493
-0.181129 -0.501325 0.002806 -0.000457 -0.002470 0.000912 -0.189770 -0.520097
-0.162636 -0.510953 0.002321 -0.000476 -0.002173 0.000386 -0.159848 -0.489764
-0.122260 -0.433920 0.001652 -0.000392 -0.001566 0.000004 -0.113399 -0.376641
-0.076378 -0.280988 0.000850 -0.000246 -0.000747 -0.000180 -0.066726 -0.196486
-0.040196 -0.076480 -0.000000 -0.000090 0.000149 -0.000158 -0.033802 0.022630
-0.024066 0.145864 -0.000792 0.000026 0.000974 0.000025 -0.022923 0.245260
-0.031122 0.349174 -0.001418 0.000064 0.001597 0.000282 -0.034907 0.435264
-0.056863 0.500622 -0.001792 0.000010 0.001936 0.000506 -0.063292 0.562872
-0.090793 0.577922 -0.001865 -0.000127 0.001971 0.000595 -0.096502 0.610590
-0.119724 0.573688 -0.001643 -0.000314 0.001743 0.000488 -0.121427 0.576573
0.634496 -0.051816 -0.000196 -0.001923 0.000434 0.001964 0.639395 -0.052908
0.542359 -0.010358 -0.000211 -0.001892 0.000268 0.001857 0.541492 -0.011118
0.376868 0.021876 -0.000288 -0.001577 0.000034 0.001482 0.371801 0.021159
0.162083 0.035165 -0.000418 -0.001024 -0.000168 0.000881 0.155074 0.034331
-0.069257 0.025086 -0.000568 -0.000314 -0.000245 0.000147 -0.075836 0.024106
-0.281871 -0.006253 -0.000694 0.000459 -0.000135 -0.000599 -0.286118 -0.007359
-0.444374 -0.050647 -0.000745 0.001202 0.000179 -0.001233 -0.445334 -0.051954
-0.534761 -0.095766 -0.000677 0.001843 0.000673 -0.001649 -0.532729 -0.097620
-0.543940 -0.128189 -0.000463 0.002342 0.001287 -0.001784 -0.540524 -0.131385
-0.476742 -0.136780 -0.000101 0.002687 0.001937 -0.001619 -0.474685 -0.142690
-0.350364 -0.115653 0.000382 0.002891 0.002538 -0.001183 -0.353135 -0.126268
-0.190687 -0.066025 0.000941 0.002979 0.003012 -0.000539 -0.201889 -0.083853
-0.027244 0.003460 0.001517 0.002975 0.003298 0.000230 -0.049923 -0.024338
0.112164 0.078072 0.002054 0.002894 0.003359 0.001035 0.076196 0.037758
0.206228 0.139796 0.002507 0.002738 0.003177 0.001792 0.156936 0.085234
0.243449 0.171071 0.002849 0.002501 0.002760 0.002429 0.182847 0.102015
0.223487 0.158759 0.003075 0.002177 0.002136 0.002886 0.155551 0.077048
0.156384 0.097528 0.003193 0.001768 0.001358 0.003125 0.086580 0.007443
0.059908 -0.008093 0.003215 0.001294 0.000499 0.003124 -0.005626 -0.099870
-0.044416 -0.143530 0.003152 0.000790 -0.000346 0.002885 -0.099892 -0.228465
-0.135784 -0.286061 0.003001 0.000307 -0.001074 0.002437 -0.176791 -0.354820
-0.198202 -0.408581 0.002750 -0.000101 -0.001586 0.001836 -0.222511 -0.452484
-0.223370 -0.484646 0.002383 -0.000392 -0.001806 0.001163 -0.231321 -0.497259
-0.211803 -0.493843 0.001887 -0.000540 -0.001697 0.000511 -0.206162 -0.472400
-0.171978 -0.426384 0.001269 -0.000550 -0.001276 -0.000026 -0.157285 -0.372702
-0.117759 -0.285900 0.000559 -0.000451 -0.000613 -0.000378 -0.099288 -0.206512
-0.064703 -0.089670 -0.000183 -0.000291 0.000175 -0.000511 -0.047294 0.004936
-0.026141 0.133940 -0.000876 -0.000127 0.000952 -0.000441 -0.013181 0.230899
-0.009982 0.350479 -0.001433 -0.000010 0.001583 -0.000231 -0.002786 0.436681
-0.017012 0.525918 -0.001774 0.000027 0.001967 0.000025 -0.014769 0.590270
-0.041119 0.633327 -0.001850 -0.000025 0.002057 0.000221 -0.041394 0.668683
-0.071358 0.658275 -0.001655 -0.000151 0.001868 0.000271 -0.071015 0.662608
-0.095297 0.601710 -0.001228 -0.000316 0.001466 0.000129 -0.091583 0.578276
0.673019 -0.094889 -0.000340 -0.001762 0.000408 0.001741 0.672554 -0.095820
0.637310 -0.054457 -0.000374 -0.001992 0.000259 0.001898 0.631104 -0.055064
0.522017 -0.012218 -0.000447 -0.001951 -0.000006 0.001814 0.511847 -0.012764
0.342606 0.019815 -0.000554 -0.001651 -0.000294 0.001490 0.331120 0.019129
0.125443 0.032602 -0.000675 -0.001143 -0.000506 0.000975 0.115591 0.031713
-0.097138 0.022345 -0.000772 -0.000507 -0.000558 0.000359 -0.102742 0.021329
-0.292827 -0.008625 -0.000801 0.000174 -0.000401 -0.000247 -0.292489 -0.009629
-0.435192 -0.052549 -0.000718 0.000825 -0.000028 -0.000735 -0.428558 -0.053489
-0.508237 -0.098348 -0.000494 0.001394 0.000522 -0.001017 -0.496484 -0.099449
-0.508819 -0.134612 -0.000123 0.001852 0.001181 -0.001045 -0.494548 -0.136558
-0.446525 -0.152727 0.000375 0.002195 0.001857 -0.000810 -0.433361 -0.156772
-0.341104 -0.149360 0.000953 0.002427 0.002454 -0.000346 -0.333056 -0.157299
-0.218081 -0.127639 0.001549 0.002558 0.002889 0.000280 -0.218755 -0.141597
-0.103466 -0.096687 0.002097 0.002591 0.003096 0.000983 -0.115290 -0.118695
-0.018684 -0.069523 0.002540 0.002521 0.003042 0.001667 -0.042287 -0.100949
0.023290 -0.059771 0.002843 0.002341 0.002724 0.002245 -0.010616 -0.100689
0.019835 -0.077908 0.002989 0.002047 0.002178 0.002640 -0.020894 -0.126566
-0.021653 -0.127954 0.002983 0.001650 0.001468 0.002803 -0.064250 -0.180512
-0.086185 -0.205446 0.002844 0.001176 0.000687 0.002711 -0.125087 -0.256119
-0.155061 -0.297305 0.002593 0.000672 -0.000059 0.002376 -0.185145 -0.338999
-0.210310 -0.383798 0.002246 0.000196 -0.000662 0.001842 -0.227885 -0.409186
-0.238680 -0.442310 0.001814 -0.000197 -0.001033 0.001185 -0.242212 -0.445190
-0.234319 -0.452196 0.001305 -0.000461 -0.001114 0.000497 -0.224692 -0.428881
-0.199581 -0.399682 0.000728 -0.000576 -0.000897 -0.000123 -0.179838 -0.350096
-0.143868 -0.281694 0.000106 -0.000551 -0.000424 -0.000589 -0.118468 -0.209884
-0.080847 -0.107649 -0.000522 -0.000423 0.000215 -0.000844 -0.054631 -0.021531
-0.024797 0.101336 -0.001099 -0.000244 0.000898 -0.000877 -0.001898 0.191038
0.013010 0.315814 -0.001558 -0.000072 0.001496 -0.000723 0.030031 0.397287
0.026978 0.503376 -0.001833 0.000043 0.001897 -0.000456 0.037554 0.565758
0.018272 0.634921 -0.001877 0.000075 0.002033 -0.000176 0.023720 0.670272
-0.005919 0.690517 -0.001675 0.000021 0.001889 0.000018 -0.003010 0.695278
-0.034704 0.663539 -0.001254 -0.000097 0.001509 0.000054 -0.031398 0.639162
-0.056748 0.562135 -0.000679 -0.000244 0.000982 -0.000096 -0.050739 0.514727
0.632629 -0.125287 -0.000308 -0.001406 0.000403 0.001281 0.626417 -0.125755
0.650459 -0.096531 -0.000393 -0.001834 0.000299 0.001658 0.638599 -0.096528
0.592038 -0.055117 -0.000501 -0.002028 0.000041 0.001847 0.576448 -0.054904
0.464238 -0.013078 -0.000633 -0.001973 -0.000298 0.001814 0.447850 -0.012956
0.285649 0.017991 -0.000773 -0.001696 -0.000622 0.001566 0.271884 0.017827
0.083098 0.029814 -0.000889 -0.001253 -0.000835 0.001157 0.075233 0.029376
-0.113418 0.019383 -0.000941 -0.000716 -0.000868 0.000668 -0.112903 0.018904
-0.276380 -0.010534 -0.000885 -0.000154 -0.000685 0.000197 -0.266338 -0.010682
-0.385782 -0.052431 -0.000692 0.000378 -0.000294 -0.000165 -0.366710 -0.051916
-0.432537 -0.096358 -0.000352 0.000847 0.000256 -0.000349 -0.406591 -0.095108
-0.419569 -0.132857 0.000115 0.001236 0.000886 -0.000322 -0.390238 -0.131252
-0.360402 -0.155720 0.000662 0.001540 0.001501 -0.000089 -0.331885 -0.154677
-0.275628 -0.163806 0.001225 0.001758 0.002006 0.000309 -0.252026 -0.164674
-0.188085 -0.161365 0.001732 0.001884 0.002321 0.000801 -0.172548 -0.165618
-0.117842 -0.156728 0.002120 0.001906 0.002398 0.001300 -0.111878 -0.165479
-0.078104 -0.159660 0.002347 0.001813 0.002223 0.001718 -0.081201 -0.173100
-0.072930 -0.178045 0.002394 0.001600 0.001827 0.001979 -0.082607 -0.194969
-0.097175 -0.214826 0.002268 0.001278 0.001274 0.002029 -0.109476 -0.232404
-0.138577 -0.266077 0.001996 0.000877 0.000657 0.001851 -0.148909 -0.280008
-0.181366 -0.320852 0.001611 0.000443 0.000082 0.001460 -0.185508 -0.325959
-0.210483 -0.363015 0.001148 0.000037 -0.000352 0.000911 -0.205520 -0.354223
-0.215326 -0.374751 0.000635 -0.000286 -0.000566 0.000283 -0.200297 -0.348269
-0.192171 -0.340979 0.000097 -0.000483 -0.000525 -0.000329 -0.168245 -0.295438
-0.144706 -0.253620 -0.000444 -0.000538 -0.000238 -0.000833 -0.114864 -0.190859
-0.082669 -0.114625 -0.000960 -0.000464 0.000236 -0.001155 -0.050951 -0.039898
-0.019018 0.063078 -0.001414 -0.000300 0.000799 -0.001260 0.010462 0.141622
0.033565 0.257115 -0.001760 -0.000104 0.001334 -0.001154 0.057588 0.329628
0.065908 0.439465 -0.001949 0.000070 0.001730 -0.000890 0.082844 0.496092
0.074489 0.581791 -0.001940 0.000176 0.001901 -0.000550 0.084549 0.614504
0.061970 0.661155 -0.001715 0.000194 0.001812 -0.000233 0.066956 0.665343
0.036068 0.664855 -0.001287 0.000129 0.001478 -0.000029 0.038696 0.640308
0.007104 0.593277 -0.000706 0.000009 0.000967 0.000005 0.010118 0.544321
-0.015025 0.460083 -0.000056 -0.000127 0.000381 -0.000143 -0.009718 0.394819
